5
770
2421
2191
2032
1894
2568
2737
2233
2961
2311
2124
2630
1831
2175
2139
2350
2273
2169
2184
2964
1920
2157
2071
2293
2043
2946
2881
1840
2230
2106
1862
2387
2217
2549
1804
2040
2927
2393
2570
2915
2046
2075
2703
2673
2228
2966
2021
2201
1822
1841
1839
2959
2741
2604
2074
2115
1999
2055
1866
2368
2683
2676
1981
2564
2078
2823
2348
2842
2381
2934
2762
2658
2909
1847
2965
2880
2251
2931
1784
2110
2439
2641
2337
2520
2290
2835
2210
1904
2330
2608
2669
2228
1864
2928
2623
1823
1966
2342
2519
2302
1929
2588
2226
2486
1787
2284
2031
2327
2664
2185
2268
2965
2316
2943
1915
2905
2740
2914
2934
2953
2814
2327
2830
2858
2803
2089
2472
2210
2285
2867
2495
2588
2059
2312
2195
2322
2756
2506
2383
2198
2019
2452
2759
2874
2287
2850
2691
2670
2702
2442
2709
2734
2664
2260
2866
1894
1799
2883
2081
2417
2557
2293
2864
2709
2273
2196
2388
1787
2812
2812
2534
1850
2372
1833
1876
2093
1984
2709
1902
2652
2173
2119
2208
2511
2358
2589
1834
1962
2542
2022
2379
2023
1962
2482
2864
2803
2258
2729
1969
2832
2259
2114
1896
2611
2188
2172
1871
2323
2520
2417
2074
2108
2019
2836
2688
2935
2620
1950
2563
2842
2706
2364
2323
2045
2780
1937
1858
1977
2365
2288
2783
5583
2709
1920
2625
2699
2115
2624
2456
2237
2431
2435
2455
2600
2585
2419
2429
2961
2364
2643
2137
2947
2189
2866
1798
2289
2489
2119
2596
1831
2664
2066
1923
2918
2948
2827
2491
2707
2360
1850
2100
1815
1797
2324
2751
2566
1954
2085
2423
2420
2831
2615
2809
1929
2192
2806
2776
1900
2342
2340
2474
2805
2786
2011
2032
2211
1893
2683
2403
2866
1808
2191
2443
2953
2229
2094
2212
1872
2904
7626
7123
7599
7657
7535
7132
7321
7711
7089
7788
7297
7514
7859
7027
7317
7561
7238
7468
7089
7053
7162
7395
7009
7913
7358
7930
7452
7282
7151
7338
7195
7239
7809
7882
7089
7255
7682
7668
7071
703
713
764
725
718
718
739
720
700
749
739
780
731
734
702
730
726
710
782
711
738
793
701
748
714
756
708
784
739
749
718
773
750
725
765
744
739
768
712
719
745
754
729
758
714
779
765
736
5549
704
712
782
703
770
757
784
784
752
760
763
703
709
752
726
792
714
739
775
749
780
712
733
788
793
726
760
7343
7001
7876
7901
7849
7326
7001
7275
7538
7838
7223
7897
7533
7161
7040
7199
7083
7890
7488
7666
7158
7510
7055
7384
7802
7251
7201
7382
7234
7906
7230
7785
7677
7137
7266
7793
7437
2366
1831
1872
2677
2714
2370
2750
2329
1801
2882
2462
2843
1861
2194
2886
2109
2209
2863
2589
2680
2252
2913
2702
2865
1817
2915
1858
1872
2043
2731
2296
1982
2648
2665
2381
2911
2067
2811
1970
2894
2809
1928
2173
1786
2679
2595
2540
2613
2527
2208
1989
2237
2446
1843
2959
2867
2829
2166
2880
1944
2314
2882
2873
2944
1933
2326
1932
2405
2882
2551
2816
1922
2145
1813
1940
2130
2441
2500
2220
2705
1999
2373
2676
1863
2125
2384
1803
2481
2374
2774
1824
5573
2822
2256
1852
2126
2527
2353
2540
2274
1824
2284
1912
2347
2440
2386
2496
2029
2235
1839
1998
2384
2111
2928
2429
2292
2866
2779
2421
2602
2285
2626
2577
2476
2949
1978
2849
2382
1839
2511
1973
2603
2654
2493
2839
2237
2395
2704
2347
2272
2786
1842
2800
2011
2785
2396
2269
2803
2197
2257
2568
2401
2465
2824
2392
2814
2814
2594
1916
2631
2501
2623
2847
2140
1873
2192
2178
2950
2792
2273
1868
2833
2936
1962
2411
2562
2169
2165
2290
2306
2601
2910
2494
2903
2089
2761
2020
2128
2467
1947
2556
1837
2900
2935
2386
2795
1909
2895
2920
2605
2072
2464
2693
2711
2870
1966
2309
2138
2565
2118
2105
1999
1800
2673
2079
1870
2566
1897
2695
2850
2570
2202
2453
2485
2097
2092
1908
2876
2503
1789
2541
2498
2589
2599
2940
2048
2462
2065
2177
1983
2586
2272
2753
2516
1947
2450
2206
2005
2618
1972
2174
2676
2943
1960
2147
2755
2535
2548
2267
2497
1877
2454
2807
2180
2933
2165
2287
1798
2783
1893
2892
2427
2301
1881
2771
2395
2513
1889
2057
2142
2858
2568
1815
2202
1909
2861
1825
2578
2662
2280
2087
2564
2460
2291
2634
1955
2939
2147
2201
2291
1902
1867
2922
2526
1890
1784
2432
2469
1921
2463