1000
800
3580436
5393769
2467371
7745823
2010229
6930550
5200477
7486092
4321195
3662090
7625651
5854073
8751598
3744065
6562415
6190190
6379699
6505809
4015613
3790748
3448361
7888748
5392723
3743773
7622097
4166584
8994504
4027075
6141975
1744908
8053827
8606280
4291230
6481803
4343220
3258829
3754413
2168057
1054041
5965979
6647327
8389080
5242916
5885245
1302305
3682569
8018992
6918944
8184279
3382923
7796905
6728277
6116104
3161305
9097191
3782493
5669585
8604832
9736624
1862507
1250583
8955199
5863314
6268387
9721684
5533273
4436765
2868724
8998432
4515236
9650434
2063986
7230276
9720997
6114016
3562385
4742218
7749996
9337355
8200562
7466035
3848176
7500416
4552727
3144386
7435340
6079876
4477782
5771782
8543519
9599789
9070961
5967357
9694673
8191647
6916504
3480290
2217445
2647973
8025406
6201058
8675846
3408527
4341615
8984696
1961760
8365988
5960156
8105588
2944581
1155496
8956864
5468564
8726639
4733620
1067933
1054073
1232619
3597049
5171729
2237047
8119440
3323299
5721790
3797157
2735440
9636241
9387790
6129997
8944711
1736595
3516524
6457883
4505662
5711595
5124464
8360012
4928869
3716395
6717407
2259540
5960695
4096729
5199732
7152738
3437257
7989431
2129304
3358491
4112249
8378556
1539897
7438166
8817730
9553703
7930386
4196898
6219571
9929135
7365517
8365024
1194357
7517458
6779184
1455806
8876464
3685500
9187625
9026457
9228122
3829489
6711787
8127596
7210948
3511902
6675882
6084874
5802052
9658330
5317956
8270124
6376745
6993487
7273543
5816028
1760250
4898049
1929392
5092875
9109199
1306205
3632346
6670273
1643580
9224150
8497380
6327363
7869875
1630602
1624697
4479090
5914456
7153793
2302409
6433489
1824528
9184529
2776826
2966358
4699296
5954155
6000146
8227623
4866288
3719769
4322452
5809394
3245470
9125509
9003763
4154280
6262582
4875670
2252682
1457113
7691306
4297733
6273356
9529604
6517690
2304642
2526798
3306053
5700485
9140863
1583709
5860209
2167167
5500590
8625799
6647029
8945171
7049531
4920959
5178030
2013128
4673548
3001161
2984338
2548328
2865613
8947651
1616905
5773627
8192525
5692233
1940275
4616737
4771186
5442719
8131065
9934843
8023939
4373048
2617224
7011755
7430692
6583843
5382439
2798825
4098966
9206682
8935458
7327699
4769452
2998101
2601475
2537042
9374507
1609337
8866282
5467089
9221414
2921339
2321294
6078830
6967823
5384587
3264474
5209258
9798206
7695538
7134228
8640939
6626608
3791673
1362884
7298829
5191136
2619700
4065016
2750729
2453399
9514799
3950977
1373057
9206062
6173103
1172311
3964729
5591577
6071762
1689952
4676002
4290257
2836936
3061284
9029557
6247665
8974408
8440888
1307037
3600045
4115690
6976614
3488261
1805909
6090055
2644109
8937314
1314138
5011321
3982718
3933982
8443192
8983231
7193273
8539288
8855847
6623504
7072679
7248154
4558437
6054812
3175880
2501834
9862799
4538487
6062848
5753241
5986777
3526955
5457506
6095956
8445937
8427655
4066804
3538718
2673067
5748752
1801163
8980553
5451296
1662930
3450320
5057192
4908732
1346851
6959186
4398979
6514472
7062873
3752971
8675937
1075487
9635989
3857809
6870737
7891401
7002987
7297286
1332407
2396158
4252637
5940289
1384984
9081693
3245925
8795054
4562950
5637642
1946018
8788098
6838551
7267845
9590379
3566015
8386224
7583215
7305976
2400056
6160807
7159388
9519944
3743713
9383725
5997274
1675681
9955970
7180817
1903754
3295375
5776432
7627550
5830288
6361127
5023813
8720211
2151755
8117957
4156221
1297282
6180794
5053343
1546311
6678381
4868800
7161255
5109083
6308396
6420935
2984818
9849040
6584399
5904557
9742513
8421153
7286469
1321303
5016305
1303162
7373502
4153909
3096154
9717410
5666830
8516905
3111076
8918467
4838891
3210451
8205951
6402568
3367356
4876440
3533039
8733420
8240063
5329036
4351368
7653033
3950565
9797949
3703425
6109444
3882455
1358722
8106124
5762531
3810065
4303767
4688520
2061185
4651517
2092547
5561586
4116290
3721753
5596736
8481542
9948883
2508403
5232136
7222965
6726623
3872779
9515155
8917019
3886223
5801338
8022043
4211127
8817460
6341115
8060849
9985142
8223915
4889863
3297970
4471911
5473966
7533886
2438184
4825812
6000247
1216944
8931427
5172870
3663704
8307111
6751332
2545591
1375629
6427923
1149679
7532471
7103466
2223574
9047521
2683731
1834427
1051493
6895873
1886270
5556442
4227676
3996348
8688946
7107737
6270712
5959908
6771202
5761491
5977367
5208563
1869295
7618751
8219979
8248623
2987984
2580676
2672594
7578442
6792089
7841420
7902213
9665572
4642542
6956799
8090163
5900631
5105084
8876687
5881161
4796602
9902404
7539196
3182509
9814067
9671541
5779953
2669444
6525495
4594114
5319490
2797912
9779272
9963746
1190657
3837755
5906231
6578740
3193936
5980356
8928686
3241731
5003839
3045301
3131372
3271635
8786485
9228897
6857678
6990098
4757802
7972607
4241253
9801521
4273559
7448271
6660524
7572459
8025554
6010522
1214830
4203641
8024404
5695885
1292932
2226256
3791348
4504099
7884675
7847756
7369927
1420203
7434531
6818133
6459588
4846859
1024820
6199522
8826890
1578118
4020546
6616253
1875744
9628332
1153324
8340269
6498908
4436442
7703102
5691248
5677118
2773918
9371195
4224567
1156307
6984336
8199649
9853907
4560329
5894654
3493912
8614733
2092646
1463118
1343451
7690645
1631461
3068306
4080383
4324955
9002875
4336531
3997448
8922610
4918569
5233618
9064026
4430242
7016607
4770823
2532911
3482493
7717955
8362518
8555894
1045376
7061313
5070982
5250708
4899231
2065973
2685393
4239443
5395286
7101402
1982345
7131355
1285380
9894958
7279997
1673043
4203951
7447189
5864873
1159856
2634303
5923821
3776505
7016102
1616973
8499223
5509285
7093871
8433075
9872792
1571601
5228557
5960141
4221184
8487361
7664316
1740468
8279658
9903949
9415713
7357940
3949418
2939119
5488304
5370960
7900890
1615589
6057298
5352045
5775293
2821652
7172639
6561887
9202237
1282259
9856044
9517301
9304555
4250966
1924740
8384330
8016756
8600681
9420774
6684269
9273970
8181129
7805791
4161812
9394748
5282244
6709466
3578074
3489671
4189318
1622057
5403580
1645140
4591159
2570259
2456085
9390851
6471147
5041260
3871401
4224800
3085820
4495105
3637149
2505266
4686061
9626178
4807798
4945300
7961237
3121957
3245178
4068684
3299820
9767473
9265877
2092690
6182217
8399651
2283641
8154574
6609450
9788082
7591800
7832368
7356987
6356545
2935899
4067913
7210702
9058297
6694468
8848635
7190502
5981954
2838919
2079452
3731018
7218602
7864732
4411944
3450500
9109384
4922236
6167986
6187029
1657399
2577105
7979975
8994738
7314860
9301498
7375931
4839213
4768422
2281268
4147321
1699945
1099257
6540545
4816907
9020878
6126112
3686081
9229931
4798864
9937188
7112148
6173134
6776375
7139258
1274010
3348307
3668385
9632702
3434303
4542539
1777240
5968783
3662211
4945798
1169905
4192059
6148782
4629956
7108912
5216848
6159720
3084172
3567324
4502310
8555740
4248969
5145206
8781587
4229526
5610595
1838911
5164262
9924225
9785524
2157797
3479002
6212535
6943957
2822216
2822294
4801850
7857281
9671225
1895536
5412137
1437671
6885007
1889011
3322867
2102841
2088168
5551329
7058158
5702234
3625089
3519731
1120197
3095489
1112972
8621553
7482233
7923806
7760279
5332153
4386640
6285430
4664176
8060470
2873254
2024478
6257541
3089107
4837073
1591959
6002765
6377190
9935586
7053447
9715210
7791013
4524430
4132928
3038988
9049265
7777257
3478554
6715959
1974021
3790816
5810635
4171335
9239833
4483347
1834244
1859768
4793164
3789434
9398050
2261339
8531172
3611636
2214480
4537035
1339195
4224290
5721757
9216273
7164167
1927242
7327730
5592816
2906905
2868771
8586011
8172656
4650673
6122530
7938502
6154889
3150789
6544433
2740751
9393734
4721413
6418105
3434521
5322636
5970962
3129101
4310657
9696287
3563285
1914615
4403406
9318882
1034045
3784321
1914353
6555867
6170622
4810307
9479971
8534568
9023565
7067738
2882949
4851110
4760278
3221897
3940807
9948556
1978704
8918816
4884381
7064725
1063507
5157750
7991745
7177986
3763570
5486532
8694584
7062180
1214655
5639677
5946341
6055405
2214319
7668110
1613467
6492346
8793722
1912562
7402681
9410806
6491519
7250917
6862705
6417671
8508577
8552852
3319751
8561099
8866024
2887826
6270692
6618217
3861675
2287721