15
61
-23
89
51
-94
-60
-89
83
-91
-88
28
-11
-85
54
94
30
-60
-28
-12
-32
-47
-34
90
17
98
83
29
-80
-38
-61
31
1
-74
30
28
-79
-3
-53
-66
-96
-1
42
7
32
-35
-46
-79
63
89
-86
84
-28
-68
-94
-38
-6
-12
-28
53
-76
12
91
20
70
-19
-74
-37
-15
-74
73
-68
93
-63
-17
69
11
59
-42
-49
43
62
67
-68
-53
-44
-41
-32
-80
-33
-67
34
-75
-5
-90
-7
9
-78
38
-49
-62
918
36
37
-85
83
92
-66
49
-62
52
36
-71
-80
-91
-37
45
58
-28
14
-79
58
-58
-83
94
-62
-94
-2
-73
90
-41
-12
-79
-93
-87
52
-75
-70
-84
-35
-35
-75
20
82
16
-3
4
-95
-15
48
48
51
50
-76
-71
-20
49
18
43
78
76
-7
-94
59
79
-37
15
-78
-94
-42
-63
15
41
-93
-52
96
-62
-39
2
-4
34
-99
-88
-20
-58
9
39
97
78
33
-98
7
-13
-61
-11
72
-81
61
-97
-48
83
-19
99
-730
10
-67
-91
43
76
-66
-59
-12
-84
-53
-56
75
-19
26
17
-31
25
18
-55
-27
-44
30
-72
2
18
-23
76
-22
-43
-51
13
-48
-98
86
71
-92
-1
96
-80
44
-8
14
-9
-61
96
14
-10
-7
-57
34
28
-35
-64
26
72
80
-96
8
-76
-1
-42
63
-70
68
35
92
73
-5
56
8
71
29
-3
2
82
42
-61
89
7
-97
87
-18
-65
24
21
-53
-84
-23
-86
91
-96
92
71
22
-15
29
-16
24
5
-97
42
951
38
35
64
100
69
34
44
-71
40
-84
-99
-79
12
76
28
7
-54
-13
75
-4
-19
65
4
79
58
75
-84
-47
-43
16
-16
3
-38
92
45
0
61
22
-21
-18
33
85
-50
88
91
50
-90
10
-100
77
-23
-83
-72
-55
14
74
-70
85
-59
94
18
-9
72
-76
32
-2
59
20
-70
-73
47
24
-93
-7
64
-3
14
16
89
-92
64
6
-48
-19
-62
-34
-26
-84
-22
72
-30
76
-19
-14
64
-59
-88
-74
-44
-8
91
-94
-21
74
-70
53
-91
36
-18
-83
-41
14
96
-68
-71
-89
-61
-9
87
-35
-76
43
-58
-41
58
71
-57
22
29
22
-16
-12
-40
-4
-83
-27
-73
-21
-50
-15
-44
39
35
-40
13
56
80
-52
-44
53
-98
21
-61
91
-32
-52
-52
-80
-85
-41
9
-12
-94
60
33
71
-46
0
-85
56
85
61
-59
1
-92
-14
-93
82
47
-99
91
96
-34
77
20
64
-52
-31
-72
70
-75
-93
-37
91
76
69
32
75
28
42
2
-20
-68
0
68
-59
-20
39
82
83
-60
-33
-27
-86
-31
14
-79
-70
-60
70
22
85
-29
-54
31
78
-2
-50
25
-60
54
-67
-46
-96
-1
11
63
66
-92
-22
-17
10
-13
-55
29
58
34
-52
22
-38
47
2
34
58
-80
18
-92
87
69
90
44
-71
-86
42
-72
-93
-87
-32
16
59
51
-44
-79
62
-13
-88
-3
-74
17
74
-56
-51
29
-37
-7
-48
-1
-4
85
81
2
76
97
-82
35
-47
-4
46
-83
22
45
-35
33
64
11
-91
-20
73
-29
-93
-79
83
-30
96
46
-6
1
51
-51
77
8
17
-17
35
-44
76
-41
-98
-74
-67
16
51
-91
96
-72
79
17
65
52
-98
72
27
-75
77
60
19
6
-99
-27
-59
53
45
-3
-60
-87
-72
82
99
7
36
-68
-22
46
-62
-9
-30
74
-25
68
68
77
36
100
-54
-96
82
-9
7
75
38
-30
-43
30
86
-19
72
-46
69
82
100
97
19
-42
-84
71
-6
81
88
-15
-10
46
-70
-67
5
-36
-84
46
-500
-64
-68
37
-25
-77
70
-35
75
49
61
57
20
-85
-95
-6
68
72
-42
-22
83
-24
10
-99
4
-79
-15
92
-61
-76
-75
21
-35
-74
-96
32
49
-38
21
-4
-11
51
96
46
-80
-70
66
-26
41
37
-34
33
-94
38
64
74
26
-69
-67
-46
38
78
-74
51
24
-61
-8
-6
-90
-27
45
5
-50
62
89
-69
-19
65
82
-26
-45
-90
-49
3
58
-8
15
27
-38
-69
-95
18
-71
-33
58
12
25
-55
-79
81
38
-28
-366
-32
92
61
-17
-56
50
32
-7
61
-50
60
99
27
27
24
93
-68
24
66
-69
80
-33
-73
-24
84
-96
-23
7
-65
44
-100
36
84
48
84
11
98
-92
-30
77
31
39
-56
-32
-30
-31
-70
85
-100
-47
90
-43
72
-60
-17
-100
65
-16
0
-60
-28
-76
-43
-83
-51
-77
-86
80
44
-87
95
-77
-47
89
0
-59
-78
59
-94
15
74
-7
6
82
54
44
65
43
-36
83
46
14
9
-70
5
6
-19
-73
-82
-53
-46
-496
-59
88
-41
67
-97
83
41
-58
78
-95
-22
86
-34
80
19
-24
-36
6
-41
-28
16
61
-33
-19
14
-77
-16
95
61
96
41
60
-40
24
-49
19
23
87
41
82
-98
-79
-95
40
-65
24
65
26
88
-95
63
12
88
83
34
-20
20
78
-48
81
-1
46
-19
82
-35
19
25
43
28
100
53
-23
66
-23
-31
-5
56
28
-54
91
-42
59
-94
56
-67
-72
72
-22
90
72
100
45
35
60
-18
-44
40
-77
-25
16
100
-781
98
89
-48
-15
46
10
13
-61
25
93
32
-38
22
41
40
26
49
-64
48
-54
54
57
-100
-93
43
-95
96
-88
55
32
-48
30
92
-64
61
-82
3
48
-18
-39
65
50
-53
-93
-87
-27
-62
42
17
-86
-26
-62
69
53
-32
-59
89
-56
43
41
15
0
-15
93
40
-98
-30
-15
80
21
-78
-99
54
-13
-19
-97
9
93
95
-30
68
-47
-4
40
-42
-86
61
-61
68
20
-70
-41
-95
42
46
-36
-36
-45
-33
-90
-98
533
63
96
93
-27
-16
-18
-29
-35
32
96
-50
-27
73
-38
-96
46
34
25
-59
-69
17
-41
-10
64
97
-89
41
-83
40
-46
26
84
-33
-86
-9
0
48
85
30
-21
68
3
88
-65
-92
33
70
-16
-40
19
21
42
70
72
-64
3
6
-72
-23
-27
41
-46
25
-23
-31
-34
-95
59
72
4
98
50
96
62
-37
-87
-28
-45
55
-36
-58
-43
57
-80
34
84
-86
-4
78
88
95
19
8
-43
39
14
78
10
66
43
27
-896
12
56
21
72
47
-93
8
-78
-69
-50
-26
-88
-70
-17
-3
5
44
-14
-48
9
81
84
10
-21
-59
38
-77
49
-64
62
-11
-88
37
-68
45
-100
0
63
-64
-94
88
56
57
44
-56
-5
-73
-45
-84
-27
67
-20
-10
-83
-71
29
-54
-58
30
-91
85
59
87
-30
61
-38
-24
99
38
-4
-95
82
-51
-54
21
-75
-73
66
-66
47
11
68
32
63
95
-91
22
19
-98
-84
55
-43
-68
-73
-78
-71
70
-13
84
83
-81
-715
17
21
-32
86
-70
-56
-4
-96
2
-20
-93
84
-2
-84
-74
-77
-25
52
40
57
96
22
42
48
49
-78
-77
-8
-44
40
83
-49
27
-17
-49
-89
-6
-91
80
-22
-78
99
15
-26
-51
-51
30
-94
-98
46
-89
-69
-57
-38
-68
96
79
21
-63
-93
-80
-96
49
62
-2
57
-44
-85
66
-85
30
-34
72
-39
34
98
-94
-32
-2
-1
-7
-83
-10
10
29
51
-92
-35
-50
-45
-67
74
72
72
-43
-82
-50
54
76
-7
93
145
-60
88
-84
46
-40
83
29
-65
89
11
-78
38
15
-97
14
-62
-67
48
49
92
65
10
82
56
-6
-100
-97
16
48
-47
-8
-96
6
79
77
3
-6
83
-9
-74
36
-85
-34
22
51
-66
-43
-46
4
-88
21
-72
45
-99
50
30
-95
-40
-48
-40
79
-88
-13
36
-82
-82
-69
37
-74
-89
44
-50
-44
22
-45
50
-56
-41
-96
-41
43
50
-89
36
33
-37
-41
5
-72
-54
-3
-66
31
-69
-53
24
28
31
4
33
-98
200
-72
-8
-32
-30
72
-78
46
100
-14
46
-45
93
17
-71
-99
51
-98
55
59
27
8
80
15
10
20
-75
-25
32
-79
13
56
-28
-43
-77
21
19
-33
-37
-8
-64
60
-71
61
51
79
38
15
-82
22
78
28
49
74
-24
-88
-51
78
59
51
47
48
-87
78
74
91
84
35
-7
8
-18
-16
40
-37
22
68
-21
-81
64
32
82
11
-44
-91
-56
85
-93
-2
82
-89
-28
42
9
12
46
-11
46
-49
87
61
95
-97
-786
10
-60
-7
89
-15
-49
8
33
-70
-86
-73
69
-65
-9
-96
34
89
83
-15
54
-18
-64
41
75
-73
18
-67
-79
-73
-68
-98
37
79
-11
47
70
51
97
23
-53
-27
-22
-59
27
-18
44
10
98
42
18
99
79
10
-50
40
-27
0
19
61
67
-82
-13
6
99
-88
-10
91
47
45
-66
83
93
-40
-62
-20
-97
96
-87
-7
-16
-92
-64
-20
10
-66
-77
-73
29
50
-27
-30
-68
-65
56
-72
87
73
-57
15
92
54
632
-48
7
35
-95
19
-29
70
36
-22
-14
-74
-23
59
82
-93
96
64
89
-37
-39
97
-28
65
51
58
5
-91
-6
-69
52
-1
1
31
-55
85
73
75
-72
5
57
59
-86
95
84
-95
58
97
-53
80
77
-21
26
29
-8
67
80
43
85
-52
-87
-39
-24
4
27
87
26
47
14
98
-66
-80
36
-17
7
3
83
-22
81
45
100
8
63
14
-46
-27
73
72
-61
-22
-96
-70
91
81
-9
-5
-18
10
-32
97
-20
-89
-179
-51
45
57
44
-58
-78
89
84
2
62
-61
-52
6
-1
62
-50
-47
-86
54
8
-65
93
-96
-71
55
93
-89
-80
-28
-90
84
-35
88
-74
13
70
-2
30
30
49
-50
-5
3
-32
52
32
86
96
20
-40
-86
83
26
4
-54
-44
40
27
89
-50
-90
69
11
-9
79
75
-40
-21
86
93
53
24
-16
-95
-43
41
-10
37
-22
-78
-94
-84
0
-88
96
-100
39
-16
80
-44
-71
71
41
-20
38
-18
84
-89
-11
77
-29
62
-90
28
7
-10
-1
21
-54
5
67
-97
-52
66
-56
95
-32
-1
-4
78
-65
77
0
29
63
82
84
-96
-33
76
58
-21
-53
2
51
0
-94
73
5
6
2
-82
-63
-26
-10
-74
22
75
-65
43
-87
-15
16
12
41
-5
-94
-19
65
26
7
-5
-47
-29
48
-12
56
47
-86
44
89
-5
94
90
-25
-83
39
-75
-62
37
-40
-92
69
24
62
-27
63
36
61
-44
-6
25
-92
80
100
-93
65
67
27
-98
-29
76
60
-78
55
19
-9
26
-64
23
56
82
-58
-73
-34
-2
26
30
9
-26
25
-80
86
59
-51
-36
-13
-87
91
-32
-47
73
-2
-64
-34
-15
-52
-24
70
-57
82
-63
-1
-63
1
13
-17
81
14
1
-19
-66
-43
-47
-22
-49
90
-99
-58
-9
-69
-22
35
69
-30
83
-17
-94
62
82
-51
-50
61
-34
-8
-12
21
49
-42
37
81
7
0
-10
88
-82
16
-56
59
-85
-5
-53
-67
-21
-89
4
2
31
68
18
-71
-23
-82
33
-48
-693
-26
91
61
90
30
-60
44
5
10
25
79
-55
81
-49
-33
-62
-53
47
-14
-98
-84
-19
-46
89
87
90
81
41
8
4
-12
67
-62
57
44
25
-16
69
-15
-46
4
29
69
-13
26
-44
50
16
-50
91
-71
-28
-53
-51
-86
93
36
73
-97
41
-40
-97
97
-94
-64
-89
-93
-76
8
43
55
-21
-39
-69
-2
-12
13
68
-37
30
-60
-35
-10
18
-26
-84
20
89
43
51
89
12
66
45
95
1
32
63
-50
14
-51
254
-92
8
-65
51
-90
-85
51
26
-20
69
9
-27
1
96
13
-21
32
-80
-9
-81
-18
57
54
-57
14
17
-64
98
57
50
17
49
-19
14
-44
83
-18
24
-95
4
-63
-84
-29
-80
-98
-8
-56
100
88
-47
-69
-70
-77
-71
-57
-49
55
93
-64
-7
80
53
70
30
-49
61
92
87
39
31
97
-93
-86
87
82
-34
-14
33
-60
-78
-27
-63
-90
4
19
-14
25
-49
-29
-96
-73
-10
-12
12
25
-16
-53
41
69
-59
0
-419
-39
-44
-44
-77
-84
-64
-52
78
66
-79
53
-86
-80
43
43
-35
-90
65
-65
41
15
34
