152 4 30
37
52
23
32
43
59
51
40
17
29
28
87
50
36
43
65
79
59
63
86
38
78
34
54
74
50
79
73
41
45
62
31
65
28
25
18
23
88
77
25
14
52
73
37
65
64
46
35
71
82
30
79
49
73
75
59
37
80
15
20
62
21
63
52
57
88
30
88
79
43
42
48
17
29
84
78
55
40
82
74
60
26
42
87
47
37
86
59
76
28
46
28
24
61
35
60
87
23
46
37
37
82
68
62
39
40
59
73
88
26
20
37
43
69
44
64
68
64
42
29
20
31
62
34
72
44
59
58
59
49
59
23
27
26
38
80
78
51
38
74
41
74
80
59
77
21
19
25
83
83
66
42
