2990
-1887
7205
-5139
-6833
-5397
1797
7321
-3424
-6619
-8517
4066
9949
4982
-8419
-6322
-4120
8342
-8167
8452
9105
-8539
-7704
-8996
9165
-1488
-503
-5204
-2403
-6881
-2388
297
3769
-3448
-4517
6853
-2915
7358
-166
6247
-5901
-475
-5025
6738
4393
5761
9825
-15
3621
7484
-7223
-6865
-153
-3971
-3714
4118
-5401
9758
-7980
5257
4271
-7716
8408
-6426
-6030
3073
-3244
-7107
742
5871
-3834
4540
-2423
-6760
-425
-4313
-8265
5669
4873
4457
-5813
8690
8127
9762
-8916
-9221
-1443
2081
4774
7191
3388
636
-9633
4410
-9362
-9644
2115
-3706
6582
-5391
2295
5378
-4563
-2140
-7867
-4094
12
-5772
5751
4542
528
-7860
-4162
-745
3760
-1873
6143
5926
-5157
4026
-6881
-3155
-9964
6781
-2212
-2729
-7668
578
4517
4772
3912
6731
-9466
9899
-2631
8684
8422
1957
9964
4081
4712
-6090
-4114
-1046
-2379
-8802
-3385
4989
6613
-5258
2290
-807
2013
-6400
4964
-341
5855
9933
6489
-6944
-7000
-5762
8391
-8165
-5292
-9918
5734
6544
794
5419
4707
3248
5600
2330
-9082
-2912
5614
-3224
9869
1843
6718
1123
-5022
-8257
-717
-7221
5097
8168
-3842
6519
-588
1316
-5804
-4948
9486
-5307
8164
-3071
4956
-5109
3176
-1940
-3067
2564
8717
892
-7398
-1144
3084
9794
5657
-7444
-595
1503
8163
5147
-7658
-3024
8737
-6577
5277
7666
2329
-8496
-7614
4896
6851
-2881
6080
7391
9744
3696
6572
3034
3819
6074
-954
6877
-8957
2991
-5948
-8607
9930
8686
-8471
-347
-7094
-8528
-9452
2362
9417
-3363
3241
6201
5633
-1125
6592
9963
346
2486
7360
-8266
-8632
7949
-1591
8481
5292
-1633
4460
-4493
3013
9235
-8941
-5451
-6248
-503
-5787
-8354
-2962
-478
-2574
9549
-1970
-8313
-9121
-3111
-287
800
1925
366
-9297
-2955
-8874
-8162
2013
-6255
2495
-3441
4821
-9925
9005
-2306
2336
-9757
-5596
-6675
-91
7857
-192
4354
7693
-684
-2215
-4774
7006
-8024
1337
-3742
-7617
8861
6478
-2528
-7960
6614
-3693
-9001
7391
7855
8022
3441
-3842
-1855
927
5642
2412
-9551
9159
2336
1000
-9341
7637
-5571
4055
-5979
7090
-8725
-9877
4654
7174
2812
-3118
-4571
-7014
-3304
-5055
-6421
-5555
-6331
-7381
-3407
-4722
6381
7912
-5746
3728
-8892
5686
4269
-6441
6195
-536
-3910
1124
9736
2513
4980
7792
-1462
2037
-4828
-5598
-1519
-3796
6848
2650
5488
-5938
8473
4999
8986
-9390
-4309
-6407
6702
2897
7082
-1918
9714
-3699
3540
-8715
-8255
3037
8281
-3514
5769
8771
-5594
7767
8415
-742
1086
-5714
-906
-2416
1012
-5073
5622
3460
-1864
-855
-9906
-6550
-8498
1889
-7452
3820
-3568
89
-7190
3851
6362
6350
-4752
-2277
3242
3858
-9369
-5864
-9172
7788
-4708
-4961
4411
-8498
-7236
3323
7247
6520
-1956
2546
-6357
8238
1825
5906
-6345
5623
-8915
-1306
1147
-6417
-7779
-5761
-7816
4993
7546
1749
5437
-8182
-8601
223
5632
7869
4033
1379
9009
401
-333
-118
-6262
-2665
8541
1236
-6101
4008
-8556
-412
-7364
-9714
-4600
-5191
2831
-439
-3728
9036
1124
5498
3508
-3328
9112
-930
7093
4111
-9931
6256
9212
-2680
4977
1069
-3131
-3432
5153
7449
-9054
1786
2203
8852
8783
-1810
4927
9023
-684
-240
-5766
-6873
4557
569
4289
-6784
-7727
-2740
-7154
9502
1740
-1225
-1842
-3372
-6083
-7735
-8887
2475
-2027
-3168
-3317
4790
9596
1566
-9214
-483
9923
-4654
3385
2974
-8689
-3246
-8790
-4835
-499
-7213
-9700
718
-4806
106
5575
-7188
-4016
8371
5265
6302
1817
6048
-8487
-1181
-7014
9259
-4844
-8766
778
3275
-3976
-4799
6806
6549
-2378
-9679
2470
-9575
2145
-3148
6930
5731
3057
5841
-4368
-7953
5890
-1395
-1576
9778
8041
-4895
2778
1605
-8867
5937
-5305
-5091
4927
-6339
-5725
2814
-6774
5924
-3471
703
-7027
-2613
-1815
4453
1786
-7316
-6296
4747
4800
-2754
-2305
6214
2669
6622
-3014
1170
-1830
5875
2962
-2607
7943
-1442
7321
5875
-8084
-6271
4400
-5783
-7672
-701
4413
8926
2216
268
-6087
5806
-9659
3868
1715
-5222
-7452
3707
-2410
-6271
-4671
-7507
5112
-8563
-3905
7457
6566
6192
2537
-6702
4121
2609
7971
5479
3131
6279
-9543
3290
92
7140
-2285
285
6080
-9787
9873
-5648
-3699
-7569
-7656
8787
6734
-8557
-4841
2049
5941
-458
-941
-4063
9638
-4861
4978
7980
1141
9850
-2011
2190
7785
-1629
9202
5326
4704
-7796
7624
2295
-3192
728
8681
1470
-4346
-9351
7322
-7109
-7270
-2385
-4864
3315
-9483
6731
-6479
-4245
-494
9651
-1542
9291
-5808
3334
1579
-5219
3383
-9883
4500
9600
5486
4661
-6175
-436
-8839
6361
9852
1682
1658
-7881
-8798
4209
-9588
2355
5147
-8976
4716
-3069
2383
-8542
-5003
-5787
8423
8120
5589
-5866
996
-6173
-2897
9416
4199
1796
791
-5964
-3855
2487
-8960
-9169
-3233
-7748
2814
7426
3503
9865
3347
3422
-1601
-5801
1753
-7478
2683
-5352
-2158
2993
-487
2781
-9709
9624
7222
4085
296
-7287
6241
-1968
-6420
-1175
-5004
4259
-1894
3795
-1665
1630
1943
-8099
-7606
-8091
-2582
-6900
2186
8001
9644
7384
-1562
9704
1406
-7773
-3811
-895
8362
-526
-4235
-1887
-1225
-4358
726
-455
700
7865
2906
-9436
6270
3294
-5239
8904
-3628
-3199
437
-8868
-5925
9969
4999
-1532
6213
-5766
444
-3469
-3518
9811
-402
-2792
438
-8450
-2363
3300
8069
2508
-2988
-303
-5928
-2734
1416
-9363
-6458
-2797
-2171
1561
3044
1530
-431
-3345
613
6045
-8664
-4592
584
3461
-3312
9600
5852
9149
3861
-6538
4967
-9131
5910
-5240
4539
-4749
-8010
-7050
1466
-6475
-9302
1840
-5149
6671
-8906
-2828
8118
-1733
810
-9039
5453
-6337
-3594
9760
-8815
6700
6923
9973
4031
-472
8021
312
-8021
-8221
5860
7268
-7765
-5254
-9063
6315
3790
-2078
4933
4314
5150
-9599
3603
-8616
4353
-1864
1604
-4591
692
8716
-2443
4648
-2132
-7288
-5452
-9952
289
-3781
-3324
-9792
7838
-3031
2405
7729
-6508
5689
-315
2203
8618
106
-1232
3349
3805
8813
-106
6149
-60
1483
-6956
6665
7159
3937
8589
8259
9656
-4519
5805
-3903
-9642
7158
-5573
6049
9517
8777
3835
-6408
1414
-1830
4335
9766
2918
-8418
935
-8846
-419
-6957
-4305
-4974
-2139
1478
-363
-5697
8847
-2698
-9179
5629
3292
-5562
1646
-6241
1822
9277
713
-7090
-7134
6949
-4708
-3869
7379
-2188
3523
-2898
-9376
8757
-6218
-8937
-222
9845
-1407
1814
1925
2977
-4182
-9355
9131
-851
913
2539
-6070
8107
-3333
9996
-8978
-9148
6613
-5252
5623
-8043
3565
-591
3036
-6137
5034
-3154
55
2078
9540
8055
-5766
6075
915
-4917
7814
6437
6042
8144
8180
1746
-3933
-5383
-8886
-7851
-3932
-3324
5948
-2627
8990
-9137
7167
-4528
2514
-6782
5781
-6621
-4313
6049
-268
-3256
-376
5198
-9573
-666
-448
-5687
7536
8527
6211
-3471
-8414
7810
-864
9856
-4341
-771
7088
-2253
4908
-378
27
-642
437
5010
4353
8461
6686
428
-6783
-2629
1162
-6383
2852
-7078
-8046
-5911
2461
9480
8320
3639
3194
-955
295
-1684
-1389
9160
9396
-4212
9224
-2901
-5667
5924
-2367
-6628
-347
-316
9576
9302
-8829
-2580
8390
3943
9461
3465
386
8538
5901
-7935
8890
1008
1847
7296
-9863
-9981
1451
-6777
-4142
2856
-6103
-3521
9413
-1619
-9046
-9255
7895
7995
-9158
-8847
9804
6905
-5330
-1730
-2113
-1773
5132
266
-3273
1964
8411
-1182
-4503
-8210
8794
-6609
8116
-9198
2629
-2532
7598
7059
8722
4795
4037
-5046
-1652
-591
-3648
-3941
-5538
6856
460
-5540
4226
3530
-8336
3509
-4928
5426
-9031
1048
-1524
6078
-715
-4080
-3655
9105
-8040
-9936
4983
3376
5747
-7622
3751
-1596
9126
1985
5412
-57
-5371
-9747
7417
-5787
229
-7333
-9561
124
-147
6356
1537
-8825
7040
-9586
477
-2219
-211
6597
-3154
8635
7778
1456
3634
-6267
-9771
-6729
-7947
-7054
3872
9315
-5038
194
-3643
-725
-1976
-6547
4971
-223
6699
-7164
-2606
-3612
-4165
-5415
4463
-9940
9430
6838
4497
-4
-8411
8900
-702
-7885
-5097
-1517
-913
2369
-8658
-2480
-6674
-6056
1531
-5262
2808
-4801
-7739
7606
-1674
7695
4988
5396
-3915
5661
2470
-6004
-7874
2865
2470
2485
8318
-1468
3741
-1945
7765
4098
-6578
9321
-3237
-4140
-2910
-1225
-7880
2992
8828
-1749
9072
1601
3989
-5395
-5348
-3292
4412
5597
2643
-9764
1222
-3084
-6197
7347
-4456
-7661
5637
9991
-7326
1360
-167
1779
-3458
7261
-6607
-9804
5598
3185
857
3432
9287
5030
1568
-7595
8220
9137
-4415
-8816
-631
9539
7768
-7057
-4587
-6928
-4630
-6077
-9415
-5204
8269
-2399
8913
-573
4225
-3599
-7322
9253
-5718
-4141
-1719
3188
4281
8083
-7477
4778
-3466
6252
7915
8162
-4037
-9586
5292
9477
4725
-5985
5149
8857
-2951
9271
-1676
-6253
6463
6478
-5337
-9483
-9576
-5876
-471
2506
-2387
-977
761
-9173
-2087
6487
-3922
7708
-4126
-6465
-4361
3641
-3011
-8543
5855
-2005
976
-9322
4418
2095
9601
9186
-4680
-9707
3534
361
9408
817
9775
263
4322
2908
-5793
-9639
7587
-518
9338
-5222
6433
-2620
-2087
9546
-8582
899
3328
-8092
-3828
5089
-5830
-4737
-8494
6719
-1718
39
3579
7236
8483
419
-6411
-2305
4848
-1227
4014
-2521
5398
-8662
3227
-4177
799
-9769
6495
-4546
2493
6525
-7814
-4790
-7877
1965
-6415
-939
8272
9490
935
9126
-8675
6143
405
8838
-4278
-937
-8989
-9368
-911
1947
-1032
1198
3700
6244
-3790
3153
4249
-5891
-9390
-1023
1942
-4420
6519
-2766
-6531
-1981
-9020
1563
-8598
4688
-5805
5000
-4479
-7787
7125
-6867
-3659
5464
-7925
-1611
5890
-1035
1348
-8410
-2876
-5843
2992
-2870
6020
755
-8392
5433
8999
-4574
-5662
884
7467
904
-4538
537
-2480
7171
5628
-904
2194
-500
7782
3052
1487
2083
7731
4225
-2681
-2970
-3125
-7868
-9601
-9068
5513
-1771
3565
-4343
-7069
6507
8536
-8846
3733
-4858
-5961
5333
-6130
2361
-4521
1745
-1103
-7179
8914
-1836
3718
8044
8949
-7799
-6765
6770
-275
768
-9924
1787
4494
4082
-1171
-9567
1548
-7290
-4452
-8586
-5692
9383
-7392
-4111
-6356
-8064
-941
-1224
-5065
-2338
9091
-5093
-1921
-4768
60
8586
6370
8845
-7231
-5562
8814
3359
5896
-4905
-4257
-5400
5664
2692
-4653
-7647
-691
8305
591
4514
-1161
3341
-1901
5027
-3989
-7364
6694
2990
-6160
-7009
8521
-8355
-6176
9529
6020
1024
-4190
-3712
-9459
2768
-2206
-2792
9589
-1044
1083
-6306
1704
-9544
-2708
5150
2961
-6984
5453
-2962
6507
9341
-4746
3643
-1488
5584
-7901
-7198
-5764
-1582
-905
-3193
7468
-9574
-290
-743
-462
-3768
-9093
4898
-5670
4806
7959
-5104
-5085
-3183
9042
-7974
4507
-5634
1359
-8899
-9873
9456
1855
3533
-8510
4844
-9386
129
690
6810
-9915
7159
-3567
-6353
8366
7417
-7102
3554
9226
2290
-7862
5799
1536
9286
1859
-662
-4972
-5172
8969
4549
-9232
5755
2728
-3482
3333
4107
-7222
-4254
-8286
-4206
8315
-835
3774
-8812
4399
-2998
-3921
-8012
9601
-4011
3765
3891
6178
1522
7816
-7541
-3387
9782
-9834
-9872
-5721
-520
-9286
-3533
6666
-54
9084
-160
5574
4573
-5759
5666
8804
-1823
-3459
-4374
7778
-1453
-8700
-6029
-9725
-6255
3270
-3012
2809
-9807
8371
9643
8820
-7275
-9259
9939
-4303
8414
8290
450
-5315
4169
7331
-7444
2255
-6089
5272
-5726
-2591
-1520
7335
-9833
4178
-7230
-7734
-4672
-5153
5576
3518
-7543
2334
-7728
2814
8675
-6545
-5528
9648
-8639
-1280
-9808
-3969
-4225
2614
-9636
7770
5740
-8164
5732
-3096
1366
-272
9515
-8211
9645
-862
593
752
2857
3049
-7429
4368
-4371
1372
-4724
6626
-309
2782
-5617
8769
4728
-6364
9686
2442
8793
567
-6311
-9474
-4365
3520
-8710
-6900
-2114
-497
9665
-1891
9292
-3410
-3848
-9791
9774
2890
2359
-971
85
1795
-8619
-3612
-3799
81
7658
7606
3681
-8389
-362
4317
5059
8407
1640
-1598
-264
1140
-5699
5490
-3001
4243
5538
5016
-2614
2823
4026
3649
849
-398
9086
-5203
723
9583
-7881
21
3392
3148
407
8678
5689
5112
-328
-1701
-4462
-8556
8475
-6379
-6992
-8227
406
8298
-6180
140
-4563
4158
2186
-2938
-4598
8259
-6464
-880
7721
571
-6608
114
-7447
1783
-2786
-4270
285
4776
-3552
-9182
3194
8915
-8483
9358
-389
4435
-7840
-8042
-8311
1188
6161
1657
2884
363
5319
5345
-2396
6297
8938
6582
3141
-1224
-409
-7028
-2167
5690
1258
-4464
-6123
-2345
-5494
5263
-1469
5513
7767
-2112
4687
6982
8855
-1158
-9314
8870
3929
-1495
-9332
8530
3712
1562
-549
5575
-4242
-1892
-3221
-6675
-8173
1513
6795
7749
-961
-9169
7342
8678
8595
4639
-3709
9154
-1756
8558
-5064
-3159
7908
-5432
3335
-635
-4054
-783
9202
-2549
-2110
-1372
7402
272
6260
-7472
4422
1157
1378
-4316
3795
8895
2624
7432
6263
5543
-7894
-9570
-9213
1096
-2181
9798
-9957
-3300
-1709
-4951
-7723
887
-3154
-9872
-4326
2568
3194
-3358
-8943
9377
9158
4878
9173
5916
-700
8529
7429
-3714
5595
6813
6400
-9147
8728
-8652
5595
-4366
3688
-7075
-1561
9122
-8762
7207
3355
-8874
-3727
-1345
1947
478
-4237
-3416
-6735
-1371
-7123
-3695
1253
-6899
-7561
-1632
-4604
-5206
-7508
3257
-1774
-8338
-5786
-3137
-3783
-7487
-1431
5194
-2543
-7962
-3075
9390
-9965
-1690
-9902
-7075
7056
1668
-3436
9734
9276
-4653
-6323
-4568
-4576
-260
2699
7045
122
-8178
3659
9941
-7192
-6164
4900
-225
4919
-9183
2128
-5961
-4424
-5830
-5656
2708
-667
9403
-351
552
8192
8387
813
-4261
-6087
6430
-2039
-5213
-5568
7256
-9922
5628
-9699
-4938
4339
-7965
144
-3407
8781
8019
-8288
-5174
7860
-8650
-5825
-5827
6380
6492
-7591
1399
1383
-8094
9911
-5897
7795
-6193
-5261
-9982
1472
6047
9966
-7142
2647
27
80
6222
4972
9475
1293
-7756
-4167
-3413
70
-1309
1335
-5535
-4827
4901
8080
4105
6507
3323
3915
-4896
1846
-1848
9554
1055
17
3404
-6577
8796
1134
7896
1260
-1842
-3187
3194
-1
-8589
-1772
-7741
-4807
4079
9886
4399
4399
7083
9765
-6770
-6048
5251
-7746
3651
-8999
2348
9201
-63
-1634
-7939
6726
-768
6970
-538
-1428
-3080
9042
518
-8604
964
7368
586
-5159
-3488
2993
964
6938
-552
5369
6951
6842
7377
-2598
-5717
8720
6747
-9291
-5510
-6800
1934
2055
2210
487
4947
9263
-6843
9328
-4996
207
-6132
1776
720
7805
-9432
5339
1510
-5986
5143
-772
9048
-8680
2148
9846
9993
-4204
-1510
3933
-6878
4149
-6281
-8358
-2208
-8192
-967
8392
9245
3919
3029
3674
-8801
511
3351
9384
268
5502
-8030
-8522
8800
-1218
-7405
-6429
5999
-4621
4419
-7541
-5924
5175
3683
18
8898
4479
-7106
1934
7146
-195
2657
-8329
-2140
120
-6422
-2159
-8787
9858
-3056
8479
-5494
8981
4565
-1725
-4941
8971
8551
-8756
-4326
-1584
7124
1799
-6625
-4946
8352
-4040
-8169
-9111
-9206
3494
1399
6627
-6293
-1822
7529
6127
521
-869
-8310
-7742
-4076
2531
-2098
-2218
5027
4982
6013
-3936
348
-3560
-7374
8794
-5202
-224
3925
235
6314
4361
-1954
-9639
-1633
-4571
9991
-8604
-5871
7799
6525
6258
-3126
-1841
-330
-8647
881
5394
-4074
2513
5962
7978
-4893
-3907
6662
-5525
-5414
-5674
-8516
-5752
-2890
1197
1516
6516
2505
5100
1755
8874
7087
-2432
4039
368
-2554
1861
2177
-2524
7826
3290
50
4722
-1018
9455
2237
4586
-3215
2251
417
-5735
8300
-7681
-731
-9236
5090
-1054
4115
5803
2456
971
-3622
-1499
7949
7179
8745
1077
-3357
-1959
-9206
-7342
6826
5872
-6842
2022
-2710
8678
3224
-5875
-1434
7543
578
-3701
5603
-8380
-4716
-3550
-3592
2468
-9405
-9277
-3287
6734
4341
2509
-4723
1335
157
2899
-9684
-3442
1874
-9867
7892
9666
5062
2794
-555
-9981
4257
5997
5624
-7825
-9672
-5526
-9292
8831
-653
333
8291
-5602
-9052
4295
-3551
8289
8431
462
2577
-8946
-6453
-3902
-843
-7653
4260
-8162
6
4333
-5368
6998
-7138
8363
4790
7659
2517
-8015
1294
4969
2077
-1516
6790
-268
5428
8047
-5617
1625
1434
-6587
-5002
-6824
2753
-3498
5864
4191
9147
-9171
-1498
-3158
6617
-3754
3272
-5370
-7222
4158
-7673
-2758
4204
-4216
-5054
9889
7267
-2631
3974
6776
4061
-6365
-2942
-2092
-2665
-6198
-2707
9808
9391
-8574
-5926
-9996
2866
-6968
9595
9400
1006
-6209
-7331
1673
6158
2060
-3516
5804
-5868
-7270
3317
-7374
892
-9906
7293
-4463
-2603
-1255
6002
-5189
-4781
5478
-4170
-5815
-7649
-8402
-9866
-4889
-460
8598
-1103
-5301
8887
-7034
-501
351
8026
-4021
9396
-5098
9670
-6691
1183
-4350
-6387
-2051
-6993
1451
5812
-9343
-1613
-9123
-1567
-2047
-9818
-3407
9126
9620
-9321
9260
-2480
1306
-9947
4829
5750
-9679
2416
-3220
8034
6461
-4978
6492
85
-5589
1664
-3390
-8946
-1112
-7540
5620
2699
-3424
4801
-304
-5788
-7484
7421
-2039
-2710
9360
-3651
-8736
7771
6029
-9615
4467
4522
9329
7424
2640
-628
6741
-3584
-2330
8052
-5141
-5369
6621
-5702
6449
-7684
8282
-6242
-76
144
1629
-279
2613
3564
-2658
-1766
6964
1320
6778
-4949
-4053
-4441
6022
-2009
-5091
-5076
9517
-603
-1270
-7875
-1810
-5051
-9605
8115
-6553
8880
7651
3214
-5640
-9262
-9293
-9799
4844
7249
2280
-7372
-6190
4821
9246
8720
-6140
-185
-9820
-3144
-6322
3901
-6252
4916
-8942
4154
5232
3841
3804
-7939
9154
5650
-7429
-2098
-8357
3344
6170
1229
2856
-3743
5524
-9125
4146
-499
-860
-1723
-4940
5257
3249
-5305
-4890
5517
-9732
233
-1595
-9150
1465
6091
-6767
-2325
-2110
3069
-370
360
446
-2998
-7526
2786
3889
2305
1361
-8933
1066
-4579
-8207
6833
-428
-9622
-9763
875
-6440
469
-5464
-7110
520
2534
4698
-4447
9149
1615
-4333
5381
-8767
-6329
-7683
-4488
1117
-5862
-7460
-9115
-8711
-687
-8970
-3662
9145
6264
2229
7706
822
9471
-1565
4005
9475
-7753
-7059
-589
1915
-2252
1706
-5302
2491
-8089
1666
-3591
9452
-5930
-2349
9425
-5682
-9456
-8086
-5705
5473
-120
1881
6697
4994
-9964
8800
819
-5653
4861
-8251
-6429
-9014
5658
3700
-4764
-9630
-7178
-3462
-5720
-891
8022
-9943
-3835
5847
9640
-9261
2185
-8287
8649
1861
1247
955
-1179
125
-8926
-1194
5911
-2529
4811
9083
-3323
-5825
-1271
-15
-1122
-3097
4987
7488
-6287
5576
9778
9683
-5012
5879
3011
8521
-4770
9150
-4183
719
-6231
6818
-5689
2149
-1024
4424
-5708
933
-3135
2781
3162
-5704
7285
2489
-6717
-7583
3195
-2345
-5605
884
-3784
-3978
-2247
1972
7439
3298
-1019
-6832
6297
7974
3426
-8905
2597
6706
-2611
6546
3579
-670
-3046
-4303
217
6056
5005
-2310
2439
-524
-1660
-1230
-2035
-8691
-7049
2109
7342
8558
2517
-8541
4515
-834
-5568
3398
8247
-7661
-4863
4962
-8585
5509
-4144
-8822
4457
-2507
9446
-6890
-7866
-1627
4464
4405
-8793
-8080
-1946
-1235
8027
9517
4754
9198
6953
-4099
-4570
-742
4971
-4526
7115
8814
-9715
4465
471
5958
-9613
5255
-5381
5887
6130
-7600
-5039
2258
-5259
2103
1262
4088
-8088
-2848
-2360
-3647
-2847
339
9438
-2348
-8043
-4419
-1646
4664
7356
-5311
670
-5633
3016
-3519
-6171
2946
58
5499
-7075
4066
7716
8156
-4791
3095
3653
-1372
-9098
-8732
-9143
1416
5989
-1236
-4613
-853
9369
-499
-2372
4459
1224
-3162
-5464
461
-8120
603
8645
5724
-7049
90
-9594
-3411
6714
6222
4710
8717
-7613
-4261
7449
4442
-3753
-4832
-6503
-9775
3629
4093
-7553
-5640
-7007
-2686
-4147
4665
3101
-1716
5973
-7050
8365
-7244
1821
8003
-2912
-4898
-4291
-2224
-7903
6890
9413
831
-9807
-1749
7664
-9205
2997
-3137
7430
3769
8726
3397
-5094
-1827
-8202
7399
-4456
-6264
1434
-6672
1037
274
6660
2681
194
-6526
-8091
-203
-8234
-9615
-6601
-4912
139
3705
-9989
5309
2102
-301
3375
6405
3697
-9601
-1308
8996
-6168
-7838
-1533
-644
5268
-8863
-7375
-3356
8987
-9871
2448
-1973
-3760
864
-9432
-4636
-3548
-532
4719
-9311
-1599
7986
555
-3149
-4640
6878
9380
3988
6156
-5844
5648
6267
2142
3249
-2784
-3915
-6824
3830
6937
-5795
-5349
894
-6917
-8733
-3113
-3141
-5821
5217
4325
4945
3436
-1778
-1807
8175
-7422
8173
-6986
4950
4420
8782
-9631
-1554
5076
-9687
-4793
8572
-6053
8404
8347
8399
5547
7425
8910
-8691
5711
7080
2437
-9521
-38
809
-9219
5776
-862
-5873
-4216
-5463
-2287
2625
-383
1553
-8675
6202
7060
2884
4635
7998
-5472
-4762
9409
-7651
5612
-6549
5786
5681
-3691
-3072
-170
-4447
4688
1502
-7975
7930
-6794
-7486
1597
5047
6861
1801
3688
-7459
6641
-4483
-2124
-3115
-7261
-2096
4307
-3584
-683
-9069
-3688
8513
1892
-2839
497
-1255
3939
-3997
-4804
-8362
8020
8931
-9358
-6066
7988
-9875
9117
5430
3496
6593
-8642
-2657
8687
6141
443
3031
-7735
-9892
6696
6172
2177
-3034
-8663
4764
-3742
7009
5650
8845
9799
5515
474
8684
-4157
-5898
5526
-4087
6881
-8542
4256
-805
1544
-7149
3278
2883
-5333
-7443
8182
-9175
7356
4574
4530
207
7715
-3532
-7928
-5336
-2808
3882
-9525
1496
9860
3435
3917
1449
-3174
-4168
2245
-2716
7250
-4982
6434
-3569
-7090
5557
-2417
6416
-6062
6889
7293
-1539
-7267
9586
-1634
2830
6070
1235
2095
328
5668
3690
3245
-1398
9417
-4706
6554
1830
7907
3679
4607
8982
2725
52
-6385
-8020
4007
6360
2027
1599
-7189
-1337
7855
-3576
6177
6293
-1173
-7220
-9804
-7249
-153
-1886
9392
-3038
3227
1808
4675
-8106
-9545
9336
7822
-2990
5953
6121
7439
4998
-9376
7999
9777
-4771
-8315
9712
6350
-2467
8468
-9085
6714
-6936
254
7519
-6368
-4550
2335
-6906
-1752
2830
780
7541
1268
-7283
730
8415
-732
-6899
3075
-7584
-4251
-7231
8181
-4659
9685
-8899
-9650
-6978
2411
4235
-163
-8510
4668
-7914
-7838
874
924
4734
-3060
-3150
541
469
3312
-2699
6223
6803
8646
-7311
-2622
-4292
504
-7639
3756
9899
-6818
-2740
-4415
-8488
9974
-4194
-6426
-5480
-9498
-5039
2954
5334
-8882
-5258
-7518
-4091
1082
7899
1262
2937
8497
-8540
9207
7029
1030
-861
8647
9563
8009
-1605
4346
-8846
8882
5314
-7614
4804
4467
1397
-4054
5830
9936
1585
-6252
4378
5418
-8767
-8414
-2296
-5006
-4390
1381
-6481
-775
1870
-5380
-2142
-4848
5513
357
-7763
-8180
3100
-8926
-1143
9409
-9896
-7916
2368
-298
-2735
3458
1477
-9113
-3650
-7979
-2829
-2076
3909
5252
-3306
-1291
-7696
-6156
-2644
-7009
3394
2772
-3609
3855
-5704
-6905
-1476
2910
3937
6877
-9356
3476
8063
3962
-807
-1771
-905
-39
1079
-2974
2578
3827
9055
-1310
-7395
9043
-648
-8861
8613
-7314
6508
281
8740
-8447
-3757
-6684
3691
3190
-1851
1120
3012
-2277
1426
8036
2792
9190
9240
-501
-1264
-6776
171
1868
-9214
-2825
-3513
-2537
-9859
-6992
386
-6785
-7243
-9186
8972
-2363
-9874
-801
-8243
-9922
1663
9112
-3151
311
-8606
-7049
-3694
5316
2088
6578
435
-5897
-5208
9631
2296
-1899
8771
9993
2987
735
5086
2924
7533
1531
5165
-3320
3737
-5224
-6944
-9201
8395
3103
6887
7249
-1474
-1044
8269
-4361
2759
4473
7407
-4571
-3782
5380
-1346
-207
8870
-4537
1714
-9403
8966
-2617
-6762
2937
-4685
-1911
5303
4912
999
4729
2810
8353
5827
-5677
5174
8768
3970
9397
-5849
2473
7995
-4658
9107
-3949
6430
6113
-6383
3526
8212
-9667
-9931
6296
5715
6679
-1122
794
9939
-358
-3994
-4434
6564
-3748
-2218
-3775
-5742
3356
3339
2112
-3504
-3254
3696
1349
8522
-8258
-4469
-9590
-5786
-9647
7949
7327
4932
-4688
9563
-3161
311
8179
9201
-7544
5297
8878
4054
7811
8396
1249
6290
-432
7126
7822
-3817
-8749
3016
2597
-3340
8791
-4468
-6238
-2948
7678
-2212
8793
9397
499
1792
-1575
2747
696
-2670
-4884
-5426
9394
8701
316
-1873
-1133
-5430
-4455
9012
-350
155
-3295
7967
9045
282
8768
2003
3088
-6954
7963
-5197
3896
4665
8609
-9968
6760
24
-6387
7229
-1821
-3820
6468
-5983
-5294
871
8848
-740
-9306
-9277
-9215
5929
-9341
1118
-2114
4302
-5101
4447
-4057
8010
-1265
3532
-7306
-2435
4689
-1663
-1559
-8074
3505
7472
9756
-6609
-6489
8698
6262
9768
-6859
2131
-2720
424
7238
-5959
-7863
-5486
-8066
-5961
8066
3740
439
-5761
5231
-6618
-127
8523
-2720
3674
-66
1667
-5607
7159
-3882
-594
587
9293
-372
-6967
4606
7242
7167
-3522
-8791
3238
8550
5895
8341
-807
-100
-3832
-9796
1645
8750
5791
-7541
-3305
8209
-9147
-7403
-2515
2440
6628
-1266
2611
-3421
9620
4331
-677
-5955
-9700
8767
523
-2822
-2178
2134
705
3595
3768
-5618
8249
-9352
2800
7031
368
8410
4083
-9746
-9076
6542
-9578
5317
4749
-8220
-4923
64
6972
-9742
297
-8976
-3614
-1132
-8113
-4710
736
8242
-1564
-4430
-3027
276
-4455
1653
5969
2861
5985
-2284
8386
9712
6438
-9455
1915
3151
4894
2953
4746
6162
4895
9288
-9305
-9341
-832
-1209
-1454
-4952
9368
-5088
-1636
6341
-4676
9158
-4371
3398
-2038
5897
-4921
-7380
-8053
-8235
-7257
3680
-8748
596
-4012
2766
5493
755
7726
1545
8115
607
-9773
-9922
-4508
-7958
9766
-2314
9994
2824
3416
6366
-1134
2709
2604
-4109
-9327
-7213
-399
1281
-6139
8927
-967
1927
9914
95
3649
-9466
9357
4253
-6285
-5447
7373
4656
-4406
895
6081
-1911
4619
-7959
474
6577
7635
6936
220
-9190
7833
2097
3141
3659
6356
7105
-8262
9059
-7767
9952
-7508
-8058
-6873
209
867
-3963
806
-4300
-3072
-6316
-7796
2268
-1910
9192
-2673
-1649
-1786
-26
-199
422
-3155
1495
-8655
8676
-1966
-8504
3459
-3891
6904
-2632
-2229
9357
9008
-205
-6411
650
-7950
5952
4287
3104
-1097
2269
573
-3953
9105
-6877
7712
6479
1445
3160
3667
-1884
-1145
4322
8114
-9021
-506
-5647
8741
7461
-5976
-595
-3536
-144
9885
-5904
-1803
-4993
495
-8933
-9821
1788
8083
-80
-6473
-8504
-8886
-5231
-9144
3929
-1603
8173
-7369
2132
-8704
5471
-4763
-9712
-1143
-3060
-7721
6660
-7579
-7068
-8259
-1155
4762
-6740
2757
9092
-6127
2821
86
-2168
-2986
-7994
6251
7730
-5698
-4982
9304
-5808
-856
2854
-2652
9854
-7719
-2825
2070
8546
9629
-9112
582
-1440
-5959
3684
9908
4388
9108
948
5175
1992
-6345
-2621
1517
-8430
-1926
-361
8317
-2809
6713
3226
-2015
5266
8808
-3962
2887
-6422
6512
1119
-7332
2649
-3141
1507
2589
-101
-6469
669
-9805
-7448
-7674
-1092
1579
2221
1793
-4040
-2316
-4071
4666
5117
-6516
-914
5556
-9184
-9284
-1216
5735
3482
-8211
-3330
910
-2146
1138
-7211
-9838
8517
-5092
4094
4776
9369
-8135
8619
-9421
-7503
-9666
-6924
-2971
-1043
-689
-5292
5896
-439
8961
9427
-3461
-4907
-5617
1433
8107
-4479
-3736
-1285
6980
-807
6319
4061
4797
-4718
-4570
-238
-1196
-6820
-6089
5540
9312
-6640
3833
8292
4154
-453
-8223
-4480
-1026
-5965
5865
4228
-4674
-6853
-5871
2799
9028
375
7941
-6359
9058
962
2243
3000
8298
-6739
2135
-5812
931
-4737
-979
887
7089
7546
4137
-998
2961
3908
-8076
9839
4151
601
-569
-3509
4576
1387
-4347
-5865
-3550
3642
-6054
9213
-240
-7009
1744
-7415
-9863
2270
-8717
-3135
9576
-6944
-97
238
-3972
-6497
2588
-1990
-9236
9886
-4436
6852
9210
3497
-4831
-8007
-7958
-664
-6053
6385
470
685
6894
-2844
2599
-8010
654
5409
-130
-6337
9380
5874
9641
4842
1346
-6727
2308
-6850
8442
2842
-4235
34
-7780
-7759
453
-779
9096
7342
-9017
7383
-3696
5190
8147
4628
-3705
4893
4288
-9744
-2663
871
5072
805
-1075
-9633
817
7461
3903
-5898
4323
46
143
109
-7636
-9359
-190
3217
-4082
-7914
-2346
9227
7429
-8331
-1799
-7962
-4662
-6516
5904
6613
4970
-1694
3742
2366
5536
-1487
-4103
-7395
3321
9708
-6166
-7640
889
1154
-843
4518
-6743
-8217
4880
-5293
-2276
1883
-3856
-5120
-5134
8925
-4726
3174
-5314
2421
-5630
-8111
2059
-8653
-6049
9431
790
5179
-3656
4066
852
-7638
-6699
-3881
-1828
377
6463
9020
1684
-1706
-4938
-6400
-1997
-4807
-3550
2519
-8782
1439
1255
2135
-2969
607
5567
-7889
2756
1558
1197
4587
729
9719
-915
7390
4860
2604
2442
7147
-8174
9973
6090
955
-9946
7690
1013
2963
-7519
-7719
4081
-9990
-2609
-5729
2635
1801
-8293
-5509
1179
-2624
5003
-608
-6011
-5392
-302
5969
6746
3617
-3244
-5537
-5261
-9834
3527
5099
7571
9890
6208
-3362
4665
-4484
-4884
-4672
9921
-1025
-1784
-6365
6486
-2194
8150
-8439
-459
5051
-8596
4092
-6003
-3241
4721
-8627
8491
-4809
-1466
-8844
1675
5585
7
-2907
-9245
6338
9865
-5924
263
-7294
-5807
-2103
8003
9662
-9683
-1739
7574
-8128
3562
4761
-4266
2752
5065
4591
-7027
-1698
3550
8122
7958
882
-45
620
2609
6725
-909
3610
-2335
1642
-4675
9893
-218
6253
4270
7595
-6715
8899
-3215
4167
-8066
391
-5984
-8185
-901
7446
5986
473
9004
-858
1544
8667
1240
-8855
9723
-5338
-559
4606
9582
-8416
-7859
-2801
-2022
6716
628
2203
-7078
-506
4799
-5381
-7448
6448
6573
7355
4050
3546
6557
5468
8665
-2957
-3014
96
-9170
72
9629
-7179
6858
-9832
-8736
-4900
2450
9754
710
3293
1016
7086
4741
1503
9414
-2665
-9649
3326
-4690
8760
-1117
-4245
-4815
6387
-8173
-9586
-7584
9148
763
5691
-7754
-1362
-5569
4914
1874
-4304
-7511
1436
2091
-9612
-3172
-40
8672
-5063
-1799
7431
-3002
-8301
-8631
6411
8883
-7604
-1167
5647
5131
8784
-5081
9258
162
-8219
-21
-2625
3262
-9965
1836
-8642
1465
1079
109
3992
3843
1124
-4905
3246
-9418
-2081
5792
-7333
-8994
4227
-6369
6961
1860
6543
-3339
-1327
-1873
7500
9679
9684
-1182
3944
-6499
-2281
4358
-8572
-9682
-5625
6698
-728
-6513
7317
-2939
-4147
-8030
199
2690
6698
1557
2047
7135
6134
8758
4841
-6562
6327
-7791
-7250
-827
-2707
8489
5019
-291
-8575
8079
-3631
6713
-7331
-8127
-6490
-9439
8677
352
8556
5091
7650
-3063
-8652
-752
6652
-103
-2138
6198
-6681
-2254
9268
-6737
8343
2081
-3252
1042
-9581
-1497
-1038
-8350
-1015
-2335
4020
29
-1573
565
2266
7675
-8982
6600
-9663
3034
1474
8349
-7450
2080
-9570
-4071
6827
-1986
8117
-1676
4758
-5208
-9327
9477
-9868
-148
-6473
-7588
-4070
1051
-1823
-4627
-7115
6477
-1430
1195
-6430
-7335
3656
-2271
8782
860
-5817
3553
-8107
-4235
-4382
19
-907
-8664
-1504
-4182
3443
-5329
-1653
4791
3058
-4146
6521
-8558
4748
-8498
981
-3237
-6851
5457
4756
-5388
7037
-5902
-2748
6159
-955
-5322
-6028
-6638
-5059
2888
-2480
-2828
-7561
-3754
6163
3791
7729
-8159
-2996
7271
7984
-2583
7427
-9884
-2194
9550
7369
-3362
-8634
-6051
-2862
-8232
-6124
-3633
-3334
-8617
-2400
-5920
8740
4779
9538
-5076
-2252
-9437
7186
7861
8937
8323
-1376
5434
4785
-3319
-386
6674
8935
4108
-5402
3497
1942
-32
-7572
3295
561
8265
3253
-5970
-1964
6646
-999
-7669
5908
-6193
-7556
-1806
4641
-106
6901
4954
853
2347
3380
-3071
-957
-2425
606
-9271
9993
3602
2295
-4027
-5435
1739
-3049
1460
-1615
-6087
8648
7693
6482
-3257
-2820
5176
-1454
-4700
8086
9372
-3719
-416
-5857
-3604
-1447
6157
124
3169
-5207
4735
2993
608
-7605
1762
3926
-7546
-2883
3822
7126
-2209
2131
7917
9993
-2679
8031
-1122
8877
-7407
5271
-9756
-4415
-5913
2450
8969
5056
2135
1918
5059
1469
573
2683
-744
9688
5080
1705
2354
-704
9948
-2359
9845
-5474
-6583
4795
-217
1797
-7384
7419
-9986
-7204
-8629
134
7502
8149
7221
-7330
349
-1810
-7622
5484
-8039
-1854
5501
-7612
4991
2807
3475
2428
2236
-1343
9852
-4485
2066
9875
3771
-1590
7799
6882
4089
-1886
5650
-2360
-2063
-7049
-433
8546
7015
1865
45
1521
9502
-3868
1774
5868
-2108
-6375
2998
3727
-357
3652
4829
6161
-6515
5217
-7007
-5960
-381
4969
3202
4708
-2245
-2785
-4015
2581
-7242
-8363
2278
3181
3046
-4078
-7521
-8546
7028
118
7933
-1001
7184
-9416
9357
-4011
-4590
7311
-523
4054
-9346
-357
6280
-4655
5954
-7621
-3487
3531
5780
-753
-7638
7222
-7340
-6465
9809
3259
-6683
-6753
-1373
-2194
-2149
3416
8645
-1486
-484
2436
7418
5759
4696
158
-8519
-7340
-9037
1551
3122
348
1502
2131
3463
-7767
3298
2270
5716
5126
-8746
-4748
9104
5136
2411
-7670
2813
-6199
-2785
7360
-9780
-6384
600
6597
-5017
816
1976
6266
4722
-8316
-5574
-4814
1182
6946
1096
4061
-5645
-702
-7108
6111
23
-9142
-7567
1592
-2587
-5041
-7020
-1758
8704
-5746
-9744
-2632
-4575
7010
7963
3999
-3978
-3827
-494
2119
-8426
1471
-3981
3402
-4782
-15
5804
-7503
2487
-8466
-1033
6487
2301
-6826
4221
4092
-8218
706
7753
-2947
-9273
-5750
-3338
144
367
-814
-1068
-9589
2816
-7170
213
-9917
5712
4657
-6676
5898
9049
8831
-5509
-48
-715
5569
7994
7617
-4510
6788
-4862
-2725
8460
4998
3125
5876
-1256
540
-7500
6440
-436
-2033
8855
1811
1913
7064
-3022
-3381
-6309
1917
4243
1576
5133
-3552
1762
4600
-3447
8934
-9173
-4793
7994
9432
7697
7589
3618
-1575
-8024
-1922
7062
7689
-5326
6516
-2447
3255
-7958
-9866
-914
-5572
4434
5288
7654
7039
2159
6326
9911
-8700
-8390
-8615
1711
-552
6092
-5404
137
9400
1792
-2459
-9880
6974
7153
-9039
-4428
-4450
-1656
-2552
-5138
-1924
7057
-4898
-2701
8395
-5665
9403
9508
-3076
-6733
3934
5174
-5536
-6620
-5333
1351
-5670
5827
534
5148
6528
8640
-8932
6696
-5589
-7329
8688
-651
-4892
-8904
-8916
-8548
-8186
5514
-6834
8122
2807
-349
2780
-7469
590
4475
6488
-2951
9350
7100
7736
-9489
2231
-9803
3317
-6495
846
1069
2859
8775
7647
-5468
9490
7427
-6212
-3895
-3659
7437
-8782
-6205
-3239
9408
7883
-4340
7614
-3476
-1224
-6532
-7047
-380
-6132
9914
-1909
1484
6492
9323
7596
-9606
-9568
8040
5671
9854
661
5704
9727
9861
7828
-5180
2120
-390
4951
-9246
-5843
4829
-3231
-672
-1788
8993
-2702
-3257
7491
5895
-8112
8698
626
9350
4106
8085
8977
6138
-417
-7452
-9752
-1411
-685
-307
-1352
-6631
6958
-9713
-7523
-807
632
9331
-1159
-3857
-1519
8622
6879
7191
1808
6365
6906
9407
7095
3276
-2867
-8071
845
7432
-1239
617
-8789
-6340
-7645
4928
2151
1670
-2634
-990
7027
-8136
-8930
8267
-7127
4082
1111
-7567
3991
9574
2918
-6051
15
-5042
-5647
-1459
-3758
-6492
-6061
2492
-3154
-551
-8308
-275
7
-5071
5051
985
-7686
-7475
-5875
-5556
3748
-9106
2396
1651
-7283
-944
8057
-9056
-517
-3280
-3037
8932
4862
-7871
8518
3686
-5179
-8155
-2778
2175
2174
1780
-2704
-5183
6329
-1430
-5463
-6249
5659
581
-5080
6131
5511
-3929
-5384
7747
-3946
-6668
2396
-2445
6205
848
4483
-3234
-3795
4263
-6218
2483
2210
4278
-3955
-3084
-5481
-4173
4223
-6795
4938
2775
-3141
6608
9535
-1304
-814
3202
1302
-4255
4752
3701
6277
8790
-7877
3828
2492
-1163
-6296
6160
-7216
-5044
4913
-7982
-7403
-8880
-6542
8648
5985
-7764
7561
-9054
6114
-3891
9769
8826
-7062
5842
-8534
-2168
-4017
-6191
-4048
6626
-9132
-6197
-5451
-296
-7086
-515
8021
3106
8053
-4680
1575
6208
-5786
8183
7594
-9107
5194
5298
4298
-5549
-6021
3497
3685
-7738
5455
-6886
5321
4689
-4671
3173
-4524
-8264
2366
-7464
7588
3118
-9884
6552
3728
-1144
-4335
-1388
4775
-6795
7015
415
-2746
-9913
6856
-8301
-5801
-7979
-7378
-5054
7141
4188
-4243
716
-5491
-5830
4784
-8217
6695
8901
1111
-7115
-7261
-498
397
-8379
-8669
2633
1500
-8923
-3337
-2781
3091
-8846
7634
-6532
-2839
-9208
-7143
-520
6595
-7776
-3242
2499
2741
-1805
6069
-4586
-1217
6218
-2936
-4077
7429
-3793
8741
-9930
7989
-4343
-9658
3165
5323
1287
-726
-5356
3063
-5284
-3357
4229
-2929
6128
3662
7814
-905
-4575
-2922
-4826
1070
5593
8923
-3544
349
1313
-2459
5644
-4244
5126
-7646
-3227
8827
-8426
8965
3378
-9749
8774
7522
-5172
-4829
317
3431
-6963
5834
5542
9159
2777
5830
-3414
7857
3676
-3360
-5770
-3223
9702
5156
-899
-7052
-5336
8701
9845
1510
-1647
404
-8214
8191
-8442
1297
9023
-8895
-3473
-8891
3954
-7632
8323
-1487
-4708
-4792
-2045
9600
-215
-1362
-878
9101
9819
-3901
-8397
-7540
-4182
-763
-6722
6284
6145
7413
-5077
-7794
1799
-7831
7220
283
-3320
9837
8387
3292
1716
9885
1910
-8020
7603
-6334
-7485
7053
2078
-2912
-5877
-580
5330
-4222
-9823
-3833
4197
-501
-9155
9083
-9535
-6866
-2227
-7247
-3842
9404
-3635
-4047
3928
-2909
-2261
-8513
-694
5926
6005
4605
4412
-2668
9063
-4579
-9370
-508
9511
-2988
-8087
9297
296
5303
4540
1158
6731
1055
-751
9935
5136
-3650
-4729
4719
2254
-7344
-648
-7716
5626
-5851
-6939
-4856
-6961
160
9949
2143
242
3052
-3635
-7227
-7370
-8261
-3640
9119
-7132
-7826
6092
-8897
8315
8256
-4496
1752
1949
-6021
9894
-1173
5724
-7769
9703
8367
6946
-3316
-8047
3898
-5529
-5847
-8957
-2428
-4641
6109
-2013
-8315
9783
-7531
9805
-5835
-3462
3378
-2486
-4836
-6411
1193
561
2141
61
-7254
-905
8046
4236
-7012
2226
-2890
9616
3579
-6770
-7336
2741
-8190
5097
-3562
2670
-6820
1529
2470
-3780
6668
1598
4244
-241
-218
-1486
-9462
-3900
8632
-2024
-9885
3057
2665
6719
-3775
-411
9005
2390
-4784
-5715
9119
7348
9956
-5730
8880
-2808
-8526
-3841
1634
-4769
7101
9101
6409
3120
-1631
8635
6301
-3090
-858
7223
9343
3663
-2338
9943
8890
8811
-2484
-5644
9080
-1239
-5138
3646
869
-3794
2425
42
9739
-538
8942
6544
347
-4318
-1624
4284
-1780
9916
-6077
-7593
6783
-345
7050
1247
-9342
-9015
-6756
6967
-8496
-1354
5957
4694
-928
5215
5593
3705
-5936
6147
1906
-1643
-548
-5045
-8484
1671
-4735
4412
1891
-5027
-7449
-4900
7849
-2219
-1257
-3506
5654
-5184
-9175
-2115
6090
646
1427
4136
-2637
-5692
-2470
1159
985
8119
-6813
-8753
-3815
-2131
3340
-3957
4080
-6629
-4512
-9121
-8421
4564
2909
3010
3581
2291
8038
-2179
-2513
1541
9828
9802
-5366
-6389
9762
-4035
-7202
-3220
9118
-5976
-6785
4533
-2798
2127
3811
-2208
-6091
4548
5529
6108
4191
941
1563
9949
5309
-9362
-548
-1535
6563
-8458
5941
5028
-8800
2958
-6948
598
8798
-9436
6771
5482
-5725
3546
-166
-1614
6035
-8536
-3502
1925
9331
1067
-6187
-7593
5234
-2170
3666
3941
8582
4735
-8183
636
7582
6188
-5009
-2665
6564
-7545
6930
-4528
5707
2427
4296
8240
-9281
1555
-6999
-1928
4062
-9174
-7657
-1708
2157
9072
5395
-8847
2754
1121
-8635
828
-7126
5522
6524
-5884
-1231
-6245
-3403
3202
2207
-6798
-6934
7728
-5184
-3042
-9659
-5253
-7436
9243
3346
4915
672
6396
1013
7530
-8507
7973
2376
8593
8536
3976
-9960
571
-4176
-5084
6780
-4417
-5016
-7745
5924
5509
-6660
8880
-3868
1010
6693
8593
-2980
6510
-620
-2053
-4861
7077
-4022
-7605
-2072
3882
-3485
-9852
-6595
-4930
4385
3358
-2893
-605
8265
-2630
-2462
-140
-8387
-8010
8924
-9851
-8052
-5941
9268
-195
1427
6121
-1477
-6653
-5676
-1535
-7327
2172
-6399
-1350
990
-5867
-6252
8842
1792
-8377
9740
2105
-5853
5898
4024
-9259
-2259
2016
-8591
1686
-4505
-397
-7762
7770
9716
304
625
5014
-8321
-163
-9139
-348
9591
-3220
-4145
1227
3180
-5537
6648
-3990
-2009
4223
-6414
-8071
-7791
-4230
-1786
882
5844
4572
-3692
8945
1436
-4192
6031
-765
8441
5107
-4455
-9554
3586
-5802
4692
-7669
-4044
6205
-3248
3378
-3691
7294
3411
6528
8215
5199
-8072
-7336
-4087
7078
-608
-7985
-405
-2949
-5295
-372
-4231
-695
-1978
-8068
-4360
6202
4784
-1320
-2982
-4685
1709
2407
8831
1488
-8312
8458
-9993
-9403
4047
8032
-6781
4846
-588
-5586
9145
5680
2410
270
5939
-7718
-627
-9638
1033
1123
-4708
-1530
-8281
-4273
-1082
3318
7415
-2126
-3885
-9801
-6106
-3615
6797
6447
-2143
6137
6284
8821
838
-9716
-5445
-2994
-1200
7163
5653
3646
9578
-9599
6833
2823
4356
262
-1996
6431
482
1951
9547
-9112
-7188
-4737
-859
4175
-3899
-2443
-520
7754
-6431
-9710
9121
7184
-9414
7221
-2556
634
1786
4592
-3808
-8029
-3447
-9916
7967
2619
2412
8369
-3657
9604
-6899
9428
-2507
-2962
-9428
-8757
7071
6302
-4072
-1564
7568
4823
1426
9814
284
6974
-6333
9385
8307
911
7404
-929
7671
-3601
842
-178
-1805
3638
-378
-5713
-578
-6358
5225
1391
5903
4419
-5239
4007
5458
7227
6535
-8708
-5410
-2748
2332
5551
652
2307
42
6980
8282
1637
-4176
-9343
231
8484
-9098
-9732
7628
-6163
-3227
7144
1515
2446
-5533
8210
1766
-1376
6219
-4954
3199
8697
2668
-2840
4184
7087
-6160
-2693
8954
6917
4951
-4919
4481
-2985
-1809
-8458
-8355
-1118
3391
-1263
-7699
-4976
-2331
-831
8522
-4246
-2608
-2590
-2146
8515
-6189
-9519
-4000
2014
989
-4786
95
2100
-4751
1295
-2618
2908
3969
7456
3982
-5541
6276
-9248
9121
3360
-3276
1349
8063
5540
3322
6701
-9948
7340
7932
-3243
8130
-1143
-6344
1532
2771
-1550
-5017
-4027
1606
-3981
9298
-9823
3399
-4944
5947
-7095
-5587
5682
3087
8497
1494
1622
-5426
-3546
4966
-3886
7636
3355
-5284
-4469
652
5560
440
7796
-3765
-1436
2080
4086
-4882
2748
-945
8683
-9090
2655
-2415
-7645
2527
-3456
9134
-5871
2288
8361
4227
-671
-1895
-3712
8710
1405
-2439
-6129
8128
3526
2504
1060
-519
-1720
-8069
1724
-2730
-3521
7230
-335
7512
398
-4411
-7308
7487
-1457
-6883
1797
976
5309
9677
-8577
4730
7572
-240
-8183
-5679
-2353
6181
6760
3524
4794
8314
-4655
7459
800
-6259
-8638
5914
-7329
-1198
-2002
-3036
-8048
-4401
-1739
-5429
7413
-7128
-1057
-490
1845
5043
8560
-273
1473
-9423
-1328
8585
-2945
3029
2975
2800
-9857
1181
-8312
-8546
-3098
4413
4291
-5746
-7778
-8042
-4171
9898
3137
-738
7075
-5054
4142
-5124
3825
2654
-6024
-837
7928
-6848
-3705
9146
-1662
-8534
-3119
-9227
-6653
6014
-8415
1753
-3161
-4617
-9103
-677
-4415
-4578
604
-6072
-7127
7701
-4792
4988
-7642
-3470
8891
-9902
-2499
-7822
-9249
393
8283
7464
-7937
9008
5105
-3147
-6490
-8389
416
6019
4001
3733
6216
8280
2487
6633
-2744
6286
8038
-5417
-9597
-3641
7330
2807
-8896
7694
-1100
5134
-9561
706
4718
-4516
-1258
-1675
-6005
2334
9628
3877
7143
5205
-2011
-7236
4
8641
8148
43
-4511
-2492
-3606
-5747
9721
3542
-2501
3671
-4690
-7263
535
-6871
-2728
5302
8426
-5111
-3594
-7317
4858
-732
-3592
6518
6920
5397
8066
-4367
8822
-5926
8372
65
1009
-3899
-843
2903
-731
6446
-215
-1429
4973
-1469
-5319
628
-2624
4575
-4777
-9316
3074
5289
9476
-3183
-8840
-7855
-237
-206
3652
4628
-7396
-2470
4069
-4356
890
9663
-9373
-2197
6113
3729
-7253
4058
-6561
-6852
-3032
3092
-2071
8810
-8851
-9530
-57
8524
-9821
-6231
7275
7523
194
8140
743
-4888
6412
5560
-3341
-7287
4107
-1397
4262
-8781
4049
8812
1988
-8114
-5837
166
-8240
-6133
7089
8027
6462
-3329
9180
-4228
9179
-8509
-7082
9136
-3280
8703
6119
6979
-8925
1808
1245
4973
-1262
-1330
8706
1964
-3645
-5738
-9021
-3006
3275
-8947
1964
-8597
5080
1542
-4661
1276
-4442
6409
-1499
-5154
-9100
2464
-5931
-9755
4473
5215
-5343
-7479
-7067
9631
-3035
-9845
-2513
-6767
-2627
2114
8151
-8731
-2370
-8342
1780
-5926
5020
5520
8741
4283
-2356
7211
-5331
-5909
-9490
5405
6518
-8298
-670
9474
-786
-4176
1261
-4308
-2995
3729
-7758
9662
-4032
-6888
-8049
-3540
3555
5466
-3146
-6731
-4426
-4181
7734
-135
-3385
1597
2821
6899
752
2663
-4024
-4031
-8000
4172
-2426
-89
1949
1021
5275
3244
-1045
-743
2330
3774
6662
51
4256
-6807
5603
-1327
-4951
-969
2678
1079
6422
4721
-35
6367
-5809
-7148
2768
8454
1683
-4122
3964
-1905
5064
6719
1862
-4069
-3668
6239
1548
-3694
8516
528
2908
7572
2996
-9024
1961
-6950
2087
1395
3006
2943
-115
-3621
4838
-1287
-788
-5130
-4954
7925
-8922
8095
5998
185
3284
-7672
-2496
82
1453
263
664
4531
-7836
-7228
1154
-5039
-5873
-8977
-3822
5145
9802
-1088
-2072
4614
1709
-6801
8367
-3054
-5156
-6992
-5393
4826
5611
-6169
-69
-9403
-2270
3764
-4376
7395
8812
-4424
-4677
-7786
9822
719
4054
-5957
4904
-5622
6410
-167
94
-912
4234
2383
6252
-600
8334
-6024
4503
-9887
7396
3985
-4683
-9480
-7688
2307
-5576
2802
-4882
-9697
-8511
5660
7966
-5884
295
-2111
-2222
5067
-481
-3905
6635
-5106
3696
9021
-972
2189
6052
3548
4012
-9434
7365
2559
-7558
3625
344
-7501
-7142
7740
2113
-963
4623
-1283
-552
9978
4556
2098
-7330
-8867
-2233
-7846
6101
-9618
4396
1186
4150
-1457
531
-8109
7808
-9988
6771
7190
2894
-7556
2839
-1328
2276
582
2318
-7066
-1146
-7643
-4709
-1379
-2918
3600
-8071
-661
5103
5379
-2460
3877
7593
69
-287
9712
-2632
-4017
7293
8592
-1902
4863
5183
-1889
-2277
5337
-2948
-4461
-8
8886
3290
8636
-5419
9265
-9678
-519
4371
4433
-8177
3582
3073
8230
-2937
5713
223
8467
1310
6243
-5681
-8977
-2145
8318
8331
-5945
76
-3806
-7600
3063
8756
-1999
9390
-8805
342
-2167
-5302
-3305
-2475
-5159
-6309
-5457
-8632
-5194
6141
8210
6743
-5519
4005
-4272
618
-2929
-897
-7912
-8394
-1565
8278
-3308
4767
8355
3508
-1485
7132
304
4716
4727
8160
-6789
-1491
9133
-555
6314
-9920
6106
3566
-1499
3061
-8675
3328
8330
9058
7234
5133
9762
1150
1937
5978
5799
-3398
-6504
9916
-5851
3279
5291
9918
-5553
4392
9661
-2001
3181
2051
-2148
5488
-3430
3024
-1078
-1710
-2236
-5812
-4706
-5988
8173
-4128
-1828
3734
-3786
2559
4355
-5163
6282
-4437
-417
9145
7723
3308
7542
-7655
4482
-2487
-1219
-4978
6687
-3595
-5615
-9530
-9027
1584
8124
-8504
7277
1927
2195
1547
3854
4639
-9353
863
5495
4161
-7843
2424
-4906
-5194
4804
-3705
9297
5067
-1803
477
9939
2753
8153
4589
-2381
-3235
-9490
-3422
2461
5555
-3869
-1175
-7743
5936
-1774
4854
-323
-2346
-7775
-1295
1533
-8542
-6640
-7156
-9224
-7483
-4624
6728
-7267
-8664
-8312
5201
6072
-267
-7100
-5295
2892
-5021
-7651
1751
7709
-3954
-1971
-311
-7573
7425
-5154
-7817
2433
2110
5321
-4690
1186
9349
-9096
-1845
2874
-9652
2376
-1653
-4551
-8588
-5268
-5485
3768
5689
-6808
3136
-3622
2726
-4579
9951
-9842
-4947
-3353
9478
-8570
-2968
936
6957
5763
8626
-5434
-6891
2803
6595
7191
-9037
-862
452
8456
6346
-9472
4468
-8232
-3674
8469
5773
-7139
1194
9516
-3376
-7271
-6682
3675
9010
9361
-6538
2383
7383
780
9625
5350
4158
3997
9348
-213
-1370
-8447
3408
856
3594
659
5531
964
-1807
9027
-5343
-5689
-6394
8657
-6941
8795
-4362
9961
-1384
3313
2997
-3558
9314
4149
-8978
8570
-4956
9343
6483
-6776
718
-763
5158
6613
2152
6393
9837
5498
-1453
4848
4803
7101
-9864
2785
-6255
8314
5956
4572
-2610
-3779
-2452
-8776
-1003
456
-442
1971
4984
5350
8819
5473
-3738
9720
228
7115
3271
984
5764
-4463
71
-6397
9578
-3628
3252
6315
9256
5802
-1708
-2904
-9915
-6601
6994
-271
-3046
8168
6859
-4957
1015
6038
5896
6577
-2973
-4467
6811
-4787
9296
5336
9622
2110
-3798
975
1781
8474
-5919
-2431
-7468
-1761
-603
-3165
-1131
6376
-1356
-5395
-7506
9288
-1649
-8704
-4384
-5150
-9118
-6213
1261
1499
-9847
4054
4599
7721
4196
-1876
-3829
7790
1225
396
4616
-6506
-1163
-5597
-8558
1663
-6680
7124
7200
-6765
9697
9749
-7547
9808
8162
-1086
-8042
-9384
7684
5051
-8142
5435
-8748
-1957
4157
-7124
-8789
-9218
5488
-3213
-3621
2970
2269
9174
-6029
719
-7941
-3648
182
-8975
-7070
-8479
-4665
-4339
3232
-2882
-9330
9624
-4667
-7824
-1287
5225
2992
-7394
-3957
660
2679
-5575
-2691
-2532
6518
5613
4986
-3559
-385
9405
4539
-1044
-5061
-6518
4176
-3514
-7430
9014
5074
-2038
8073
5058
-680
-3612
2453
1860
8222
-6713
8242
-4261
1205
-260
-8712
5597
-4117
3406
4871
-955
-3513
-4456
4990
-1855
9283
6079
4750
-6701
2766
8386
-5901
-737
-645
-6588
9433
-8222
3643
2334
6586
9928
-9547
-3295
8559
-7173
-3884
-5328
-8611
-8695
-9764
-6186
7006
5514
-2539
-5248
4580
5089
7333
4584
2884
-6895
-6674
-1702
3991
1436
1942
-5412
1439
5432
9418
2177
837
7813
8022
-1766
6535
2853
9841
-9195
-1280
-4805
7307
3564
-5597
2953
4844
-4923
4910
2291
-3346
2079
-4136
-1394
-9930
-4505
2939
7102
4594
-1998
9288
8141
5396
5378
7001
9990
-1915
1358
1195
917
-7230
-265
-8635
3721
4231
-7583
-3883
-1751
-513
-3828
3276
5866
2716
-5124
-2700
905
-5912
3065
7353
-1474
-4954
4969
3034
-4502
3252
-9069
-3858
1449
-8749
287
6559
-9078
-4942
-3867
-752
4450
-8252
-4274
3863
5134
4085
880
-4053
-1119
356
2190
-559
9127
577
-1004
-2830
-6243
503
-1687
-9136
4313
6881
9182
-1607
2491
-1551
4757
596
4583
-559
-2827
7791
-1593
4171
6175
7816
-4243
2247
5988
8326
-1584
-8963
-218
1259
-1310
-7695
9484
-8510
5132
2391
1034
6630
7474
2030
5890
-933
-7102
-7278
5003
9047
-8517
6129
2872
-5077
1946
8477
-7946
-8534
8999
-7797
5024
631
-5758
6640
7610
-5051
597
-809
9283
-1703
-7063
-1217
8846
6978
-2059
-289
5551
-2151
3042
-2143
-6394
-1657
-9927
5879
-5101
6373
364
8897
4871
-8620
6571
-8238
326
-2549
-7499
2270
-5571
8244
-2538
-5289
5538
-7248
-9792
452
5034
-3035
5355
3357
4096
-5605
5898
-4418
1957
-4772
-3779
-11
-553
7907
3318
-6032
-8456
-6812
-9721
-4741
-9762
5217
-9321
2503
2252
8265
-3984
-6165
570
1941
-4731
-1593
-2701
3466
9476
6227
1564
-3634
5790
1992
-6509
-1095
8822
2085
3786
-93
-5714
1608
9031
-6369
-2412
1484
10000
5960
-3080
-6669
-99
-9479
979
540
7040
2795
-8479
3766
5556
-3854
-9392
-7925
-6009
-5203
-7253
-3620
5115
-1197
-5675
-1495
8604
-8106
684
-1073
-4785
-5029
8857
5787
-5800
-7964
7770
-608
2312
2434
1284
-6064
-24
6405
4248
440
-5696
5716
-8422
328
-4853
-8488
7487
-2692
-4088
-1904
-170
-9078
2966
6932
-2553
8898
9507
-7452
7286
-6813
9628
4959
-9881
623
-8196
-9454
975
-7719
9633
-9796
4224
-9965
-2777
-6225
6009
9473
1429
2892
-5413
3279
-9586
-6608
-8678
-3321
-7679
9196
9211
3817
8153
-6888
-927
-3052
2306
-8324
-880
-9880
-417
-1270
3553
4211
2514
-3420
5483
-7809
9131
2840
-1508
6589
-4124
-4531
-1027
-1783
5309
-2363
5519
-5442
9033
8713
-5192
-173
-795
2818
8018
5132
1814
5752
5748
8639
1970
-4482
-1133
7856
-703
-4317
2942
-9831
-1528
7516
6916
3433
6459
4976
4375
-3039
7315
499
-6234
5616
1902
-6559
1252
-2039
-7838
-1257
-9672
-3793
5072
577
-4835
1473
5
1574
-322
6673
-5930
-3168
2510
1863
2544
5747
-3964
7273
8430
-1218
-3022
-1496
-5199
2504
-6505
806
1698
1230
-8353
2197
-9450
-5613
-5221
-3512
9430
-909
8087
6119
-2539
5855
-1477
-4724
1536
1238
-6317
-3852
1072
6819
-8249
2421
-3350
-7355
2809
5979
-3083
5454
5364
-2897
-947
1370
-2333
5348
-1684
4202
9282
5334
3631
2272
-7080
3422
9320
-9683
7004
2867
-1724
1538
1296
-9122
-5590
4358
-1111
8749
-9596
-8499
1459
-6601
9821
-7147
-219
-1369
9702
-8518
-88
7994
-1814
-7903
6969
-8136
6787
-7247
65
3304
293
4551
939
-8909
-9835
-3479
-6817
2843
-2285
8126
-6614
9698
6504
-411
-4436
-4804
9849
-1787
-2856
5285
-3708
1866
197
6321
-2395
-8807
-938
6117
-8564
-9192
7326
-7617
4167
-2380
-5384
-4130
-235
-9660
-7374
-9521
-9670
4186
-7693
8225
-1120
-5178
2676
9197
7713
-3222
-8612
-2931
7407
-4972
-1944
8321
5750
9179
8790
-3076
7777
3557
-8163
6491
6871
-8668
-7147
323
-1585
7848
3958
-9540
-1843
-4686
5434
-7096
3108
-3439
5284
-4151
-6977
-9437
-8421
-2417
-8894
-1808
5947
-7328
4103
-323
4250
3492
-1323
507
4464
4030
-846
6819
-6801
-6153
8347
5947
8402
6419
-601
2687
2141
2077
-565
-686
4066
-1433
4586
-3575
-3848
7470
9341
4652
-5865
-2406
5803
-9839
-3092
5719
7946
-9952
1363
-5577
-8640
-6397
-7370
4577
5607
-504
-140
4963
-5841
9108
5212
-815
1710
-1125
9693
3776
7180
-701
4369
-6648
4728
7323
-2340
-6668
6229
-7873
-5228
3186
-8032
-4776
-6456
-8797
-594
-4192
6004
4955
-6713
1462
-4840
4807
-2544
3651
-3990
-3941
3835
4224
-6384
-9508
-5246
4505
6561
-9475
-3607
-4268
-6390
7637
7810
1002
-1680
-3633
-8118
-2102
-2422
6580
7117
-9438
-7109
7158
-9109
4873
-6956
7705
8361
-1882
-128
-5811
1699
-6980
-1580
9928
1028
8058
-9382
-8082
-9418
8844
-6420
8538
7590
7400
-8304
2787
4105
1939
1409
-6166
6361
-9520
-4167
-3484
2009
-444
-9667
5154
3300
-557
6811
7959
-5678
297
-6382
2709
7512
9052
7734
2613
-2520
-5579
8599
-4004
691
4695
1938
9897
7552
-5161
4564
-573
-2337
729
2522
7283
-5703
1676
3264
-2962
2717
8047
4086
8137
-3368
1746
9134
5322
-6434
-8283
9255
8766
-9261
6506
4496
7337
-1890
-634
7011
7291
-4938
-217
5867
-7466
936
-5735
-8546
3101
103
7319
6411
-9268
-2588
-5638
-1955
-456
-8982
-7788
-2728
6418
3307
-9038
-2881
-6447
-8698
-6822
-3443
-5589
2477
-1322
9697
-5367
1375
5192
-438
6693
4476
-3156
3237
4701
4782
-6198
-5746
-5728
-2712
-4701
-7260
-8603
3694
5136
3586
-3723
-2602
-6599
-263
3483
-2867
7154
5124
-5
9857
-1327
63
-7902
8198
-7395
-3433
-4705
9833
-7779
8982
-9740
-1562
-3463
-349
-4219
5868
-3100
-336
2281
-4715
8446
7996
-5153
-1209
-6379
4151
-2808
-5338
153
-5295
8883
3414
-1761
7459
8728
-8609
7620
-3426
101
6522
6801
6425
2547
-7142
-8099
-8740
-1893
6785
4522
-136
1282
2182
1686
-6336
-2043
2930
9148
3537
5912
3321
1100
6591
5212
3451
2024
953
1605
-4188
-4436
1824
-9044
5654
5879
-1248
6382
322
-8124
-4829
1033
9351
9884
5308
5439
334
-1230
1747
3043
6919
-4711
786
-3284
2744
-6711
-6011
121
-2436
8313
-4776
-5961
6823
1735
-507
1703
-9089
-6883
-5499
7349
3764
8071
3056
8503
-929
4586
8898
-2442
9684
-4104
-4410
7875
4990
-624
2461
4231
6509
-7725
-5689
8398
4795
-7510
5747
2325
7954
-5649
7990
6701
-599
7323
5802
-4638
-6223
-2142
6831
-6447
-4680
-7597
-8030
-5959
9529
-3894
6099
938
7566
-8266
-1385
8625
-1915
-6778
-1568
-7011
-457
-7171
-426
6320
5328
-4047
-2896
7036
839
6014
-5333
-7176
6612
3385
8937
1700
2219
-3754
4789
-9211
-5891
-5484
8999
5166
3371
7494
7745
-6908
5444
-6435
-7200
8010
7942
304
4074
-751
3713
-991
9624
5706
6994
-9113
4999
6556
-3061
1440
-7417
6755
-2523
9495
4105
-5153
786
-7628
-5163
2778
-4667
4305
-9968
-5221
402
-204
-6040
4929
-3910
-8713
5825
2677
8171
-6627
7649
-3389
5100
5515
7409
-3332
5441
-6092
-8301
-1038
-867
6891
-6730
-9933
-2683
-6797
5738
-3839
2370
-7928
-9973
1224
-9944
5597
-2632
-8835
8523
506
-5713
-7413
6593
-6309
6291
4203
9879
-1974
-6747
-1543
9431
9145
4384
-183
-5721
-3364
6376
-6992
-6591
-8045
-3218
-9859
1880
5811
2372
-5156
-4444
574
-7732
8427
5510
6065
3431
2123
-9482
-1046
-2951
8459
3765
4710
7669
543
-4819
1097
4100
6550
4050
-120
9469
-9680
3133
7329
2627
272
3221
-373
7525
2491
6582
8277
-5004
8453
-7786
3597
5891
3708
5103
-7972
3956
-5300
-8889
2587
4416
5458
501
-4670
2402
4681
2655
5714
-3415
348
8602
2035
-406
2208
36
-1271
869
-3617
-123
-1230
862
5495
2061
8644
5101
6173
584
-8821
-1597
8883
6454
3368
-3531
-3419
-1127
4400
-6633
1210
-152
9113
4432
-1667
9896
-49
-1460
-9674
2334
8874
4072
6686
5151
7317
-8717
2440
-9813
-7292
8156
-9610
5852
7882
-9888
-654
-5671
-1160
-2447
-2260
1655
7196
5973
-5042
5374
7868
2350
6497
-8774
-6286
-6359
-2858
-3137
2185
-5288
-6203
-6778
6363
-5439
-2396
1310
-8077
-8875
837
8735
8143
-7755
-2010
2723
-6632
-2736
-9466
1305
6527
2090
-7631
-7601
2803
-5585
-2232
-3968
5231
-1388
7671
-596
-2693
4192
-5751
832
-195
893
6786
-5882
9860
2922
-929
6794
2499
2608
-9613
-7771
-632
-2000
5921
5520
-8630
-4
8662
-8652
9184
1255
-1028
6648
1049
-1559
8847
1883
1059
7128
-5715
-9799
-3964
-2303
-3988
-5483
2378
-2529
-4127
8358
-9701
-6539
2012
3940
7867
9347
3872
-7889
-3638
-6732
-1386
9352
2264
-3645
850
-6443
-8636
6142
-6345
7971
-6629
3074
3720
-9104
2950
9480
1756
124
8198
3581
-674
1028
-5089
-4492
-6058
5041
-54
5693
8506
9462
-3853
-9436
-2830
6880
-9980
2483
4584
7442
-4622
-692
-2694
4220
-6969
-4545
8001
-9667
-7542
8703
9461
-7269
-7806
-2631
-3315
-6419
-9990
7521
-6043
8098
6781
6919
-1996
3499
1967
1141
-3132
-5276
5602
1081
-4206
8785
6028
9513
-9484
-7370
6371
6726
-4261
9162
-9437
-954
377
1297
5196
-6037
6981
1677
-1697
8791
-5798
4848
-3919
522
5916
-1666
-8928
-9
-2500
887
-8575
-5296
-4904
3758
-2322
7570
4479
2682
6435
705
-1602
-4312
-4173
5118
-7116
6500
4647
-7900
8679
6003
2857
5178
-8354
58
3884
3904
371
5660
-2078
763
-7832
205
9811
5337
5052
9500
-953
1004
-1095
-8156
-1502
-8298
6840
3300
8415
-7682
-2845
7319
8144
-5130
-9476
-8156
-2153
594
-9859
5015
3041
-7222
-406
-8659
4860
1670
-3598
-2692
-191
5701
-5329
4938
-4990
1968
5285
-4742
-7933
-115
8538
41
382
8721
-676
2067
-4411
-5897
8925
7056
-3049
-4817
-6855
4919
9068
4662
-1396
-1793
7104
-4290
103
9878
7200
-5875
5658
8595
-2492
2798
903
-7141
-6849
3696
7184
-419
-2751
-6239
-7368
-3104
-424
-2012
-4341
-9727
-4081
-9804
7479
3271
-5589
-1925
1324
4919
4748
-1946
-5462
-9998
6545
-5393
2027
-785
-8538
9005
-4364
5295
-2394
-6903
-1195
-6617
2151
3626
9116
-2260
4021
6688
-689
8322
-1053
5542
7218
-6450
-4116
2394
6306
-4098
-7003
-8202
-7849
1823
8709
-7446
-7487
9
7216
-6527
-11
7958
-9320
2781
-398
5886
-8476
-2655
-1457
-2601
-3303
1771
3859
4772
-866
-6374
1901
-7293
1260
6087
-4190
9884
-6587
-6905
2261
9196
7611
8028
-9539
-9175
-6958
5754
-7144
6949
9221
-2868
230
5174
103
2692
-5915
9931
-8974
5608
2403
2203
5546
-7449
-2430
5828
5658
8385
2225
3567
-5036
-2226
1736
-4445
248
6961
-9538
-9165
7604
-8611
-6080
-1969
-1342
-6458
1840
8657
-7582
7646
2401
4384
6219
-1512
8534
1234
-7991
-1405
9978
2060
-5426
2980
2259
2215
9230
6833
-7719
-6189
5673
4548
9360
-7386
4499
2373
-8329
-6500
-8264
-4621
-3500
7750
877
3094
1091
-3770
5882
1941
2089
-3913
-5890
3656
-1650
2728
-446
-3313
-4994
-704
9920
-1531
7826
-3849
122
7923
9446
4295
1835
1510
-6138
5519
5552
9610
-9462
7560
8852
2950
8221
-681
5714
-9892
-8679
8192
8739
-9913
-5001
2100
-1493
5275
-3695
-6360
2097
6071
1233
-7572
-4802
8533
-3005
6340
-7373
3907
9568
-8241
3729
4552
8136
-9119
7670
-8955
-610
-9350
5557
1696
1220
5048
9983
-1104
4114
-8757
3105
1835
-8752
-7329
7434
6578
-3593
1260
-4324
-8204
-4020
-7758
-133
7565
4723
-4764
-6650
-1519
-9823
-5912
-8805
7981
9755
-8877
-2335
-7983
-6153
6874
-1766
6337
3824
8875
-6079
9316
6394
1305
3405
9146
-2880
6971
9427
-9088
2684
9570
8416
-373
9664
237
-1907
-3597
-1397
-3955
-9298
4494
6789
7172
-6406
2068
3669
5530
708
-2790
-6080
4632
3206
-1869
3121
-4337
-1212
-5343
-5949
1645
8141
-6508
9293
-7710
-5447
-7389
-5588
5789
-9208
740
-3035
727
-768
5977
-3902
6805
7033
5515
7340
5663
-8835
-2625
-5477
-9498
-3967
-3459
-7121
-2464
63
-3903
-3954
2580
1082
5798
-8012
-6622
1754
-4886
-2870
3624
8049
-9292
5922
6521
-8995
6625
-9899
-7391
9263
1506
3853
921
1679
9576
-7597
8658
-266
9959
-8793
-7716
4202
-3861
-7923
-7741
-3530
7879
8101
-5531
9330
1487
6506
-8975
3674
-510
5697
132
4215
-6247
-2807
-436
-6337
-3312
-8796
8956
5292
-6050
-4500
-2548
-5988
6624
1597
-5498
-5848
8734
-3044
8246
4696
-6762
-9288
6059
3049
4369
-2952
2266
-5332
4310
-4876
4610
-1543
4517
2490
-103
7145
9484
-3525
1258
-9059
-6447
7161
3431
6863
1210
-7704
4271
-4057
-2024
1957
-6502
8775
-3422
9746
2069
-9965
1295
-106
-9868
-7469
290
8880
-8981
1030
8466
5733
3322
-3154
-314
4935
-4575
-2780
-2360
-6849
6896
-2555
-9300
9575
-7209
2758
-8132
-4860
6632
-2771
2068
5899
9692
-3958
-8013
-6628
-5093
5114
-879
-1406
8167
-2067
4870
-3326
2423
-9067
7247
-3451
-8276
-1002
4443
3745
4762
8482
-2611
-9384
-7947
-100
-8284
2786
5781
4710
6724
-816
9063
-3119
-245
-565
-4558
4070
-8667
8824
5428
-2072
-5568
282
9813
7
1031
-7466
-4177
1758
5892
7459
-1360
9760
-7878
7253
9432
-3025
-3070
9686
-2892
-3397
220
-1555
-1182
1639
-4782
3289
5088
5777
1032
-8758
-5039
7037
7487
8692
5852
9833
8922
4429
-8843
1664
-5878
2687
-6070
-8456
-1791
5860
2829
398
1966
2595
98
-7359
-2196
-2431
9430
6807
-8501
6248
9743
-36
-7911
1587
3985
-2867
2784
-5068
7776
2173
-8193
-6452
7182
-9397
-4411
-2701
7596
