350
766 6 2
750 10 2
623 19 0
742 8 0
696 5 0
629 14 2
978 7 1
892 6 3
703 8 3
893 20 2
781 11 2
916 11 1
710 12 1
579 16 0
795 14 2
985 13 3
584 14 1
716 7 3
662 17 1
900 12 0
691 20 2
638 11 3
929 20 1
559 5 2
616 13 2
647 16 2
756 10 3
686 13 0
1008 20 0
642 15 1
828 11 2
671 15 0
738 20 3
562 14 2
842 7 3
649 9 1
917 11 2
981 14 1
789 18 2
993 9 1
976 12 0
744 17 3
1017 10 0
926 7 3
619 8 1
768 20 0
1024 7 3
604 8 0
807 19 3
654 11 3
1026 13 2
753 5 3
564 19 3
542 19 0
637 7 3
645 9 3
813 15 1
898 8 2
860 18 2
937 9 1
675 5 1
680 6 0
708 19 3
755 17 1
717 12 0
572 17 2
779 6 3
739 13 0
603 9 1
913 13 1
713 7 1
695 5 3
882 10 3
829 10 0
747 11 1
895 13 0
818 9 0
770 20 3
845 9 3
812 13 2
970 7 2
597 15 0
758 7 2
640 10 0
931 10 0
655 6 0
729 10 1
786 12 0
551 14 0
919 14 3
796 18 0
803 16 1
763 12 3
761 13 0
625 19 0
805 7 1
834 20 0
699 17 3
949 14 3
830 9 2
822 12 2
790 12 2
737 18 3
1022 9 0
872 18 1
927 7 0
676 7 0
547 17 0
633 10 1
556 17 0
669 17 2
939 18 1
557 6 3
877 7 3
765 17 0
784 15 0
639 17 3
905 14 2
540 5 1
990 5 1
972 5 2
776 18 1
724 9 3
644 6 0
733 8 3
610 18 2
965 18 1
827 20 2
966 15 0
780 9 0
1001 7 3
687 12 1
672 17 2
811 14 3
843 17 2
694 13 2
1016 16 2
650 5 2
894 6 0
891 9 3
863 9 3
911 20 0
915 8 2
1029 16 1
899 11 3
670 17 1
825 15 1
801 16 1
852 20 1
998 13 0
591 18 1
702 7 3
615 9 2
808 19 1
718 19 1
706 5 3
545 15 2
897 19 0
975 12 1
904 20 1
657 15 3
552 9 1
700 13 3
685 16 0
961 7 1
553 10 3
787 20 0
896 11 2
936 12 0
712 8 1
963 19 1
932 7 1
544 17 1
651 12 1
832 6 1
873 13 1
690 7 0
693 8 0
995 11 2
609 16 0
785 7 1
543 20 0
578 5 2
810 5 1
660 9 3
875 5 1
889 18 1
546 20 3
999 11 3
1030 11 3
666 9 2
866 5 2
586 20 3
541 10 1
568 7 1
809 20 1
802 10 0
1015 17 0
618 5 2
886 8 1
601 13 2
831 9 0
841 11 0
946 8 3
962 15 0
782 10 1
980 17 2
764 5 3
683 18 1
883 13 1
878 8 1
954 16 1
769 13 1
573 15 0
622 14 1
646 7 3
854 7 0
598 20 2
971 8 3
752 14 3
859 7 1
554 14 1
577 13 0
923 5 0
589 18 3
1027 18 2
773 16 1
861 10 3
955 5 0
824 19 1
697 18 0
887 10 3
988 5 2
679 10 0
964 13 2
565 19 3
992 17 0
922 15 2
979 5 2
692 12 3
566 16 3
667 10 0
762 16 1
945 14 0
595 7 1
890 16 1
602 5 1
991 10 2
888 10 0
563 13 3
614 19 1
794 14 1
909 20 3
648 12 1
844 8 2
837 11 2
767 14 3
862 20 3
968 5 1
741 11 2
736 17 3
748 13 3
817 18 2
959 11 2
928 18 0
574 11 2
722 19 0
857 16 3
814 16 0
674 16 1
735 14 3
709 15 2
558 19 1
550 13 2
947 5 3
606 8 1
835 12 1
631 17 1
871 16 3
704 19 0
653 12 2
661 8 1
668 7 0
726 5 1
821 8 0
1012 12 3
881 13 2
1006 15 0
682 13 2
783 11 1
836 9 2
575 8 1
600 12 0
549 19 1
940 11 1
652 10 1
721 10 2
689 12 3
605 5 0
986 13 2
583 8 0
997 15 0
590 18 1
1005 6 1
754 14 0
1019 10 2
1002 16 3
912 10 3
1023 12 2
561 13 0
714 20 2
1003 13 2
1010 6 2
1028 16 2
956 20 0
806 8 1
632 18 1
901 17 0
548 19 1
658 14 1
816 9 1
678 15 1
969 18 3
838 9 2
951 9 1
746 7 1
938 14 1
846 15 0
952 19 3
797 17 3
884 10 0
731 12 1
727 12 0
935 16 1
848 9 3
984 12 2
815 13 2
974 9 3
728 14 2
847 9 2
865 5 3
592 9 0
799 7 3
617 19 0
560 5 3
994 7 3
570 19 3
569 6 3
914 17 1
840 11 1