10000 1021000 11111
4556
8300
12692
12790
19261
13158
24603
5366
25172
17412
17787
21713
5270
26973
32861
16972
20222
36254
37927
2751
39571
12817
12288
29833
14221
15598
37483
44193
14306
30104
30585
20592
31598
29297
39158
19395
40239
18967
19032
8676
35357
51373
35298
56851
46380
61772
10847
57156
17456
27718
43129
12235
64234
31444
21527
60524
19220
6536
40555
12438
9066
17581
52043
32812
72081
75720
9778
72677
53951
19150
61684
26319
64046
21741
3726
64944
396
40943
71879
2348
36532
35285
58232
77473
61434
83948
8068
7591
76791
74833
354
87594
71618
63041
62453
77425
24002
1876
41513
32751
32540
70548
62586
15431
45343
20558
76819
50946
80756
37637
10527
17012
97485
1885
95843
66858
77316
69121
26851
23365
77224
46968
8226
73899
23635
65560
16693
77082
1246
42651
93637
39974
23519
31187
107472
21585
4010
94980
70640
25602
58868
59093
77727
21869
77562
71015
116790
99026
71283
59747
112461
49653
36878
85276
125432
90640
111318
85485
8998
9033
44612
132271
30558
122841
86139
36721
63423
77358
107547
77283
128959
139402
62798
126055
99124
2689
39296
148442
149
109849
11924
2319
24376
63062
78875
2314
30485
124974
95355
98286
24037
17320
59155
11209
68484
72919
114037
84597
120012
15603
40321
104089
62509
19005
146118
123936
39506
63074
9745
33486
130462
122517
83564
45203
4456
109844
148643
28713
66781
114381
72263
124237
110364
138019
47432
121645
32733
73139
100213
59301
70721
82700
87222
13096
52071
3403
77131
127818
139504
74217
43122
26431
76435
98003
130585
21556
104865
9172
90815
69448
75079
81829
32310
72562
105468
15589
18544
36074
55511
67880
152058
41605
124290
125362
885
64311
64242
2801
159675
64896
46487
6052
105594
99494
5738
108870
78792
54612
29042
138785
121233
141244
85590
119878
156122
23634
98267
95304
150986
99874
47347
12193
135249
42195
134972
53708
156485
58810
155712
41120
71381
59677
12806
44248
105520
151782
71777
109608
82486
99514
60076
79755
156385
67454
59738
80247
108503
78916
164585
13468
3286
5577
84174
172147
178653
124109
167036
90414
125954
175019
177616
128709
124598
76924
39644
10495
155835
174305
162083
52776
45516
149399
102710
117431
32405
57021
130304
175580
62943
75477
97001
81134
102595
132361
120707
77878
29885
137408
42389
70187
30442
95131
75845
94407
8168
188120
47125
156420
96668
17454
54171
102696
40728
123159
37140
39079
40044
90169
7282
84966
103401
90645
101568
154148
8196
178730
149852
124512
97509
36552
65547
59116
124184
160792
140493
85436
183459
47858
117212
43009
90285
115861
11897
73723
108563
143174
63059
48295
188072
81008
9816
82472
129833
31877
167393
66807
195984
79338
91654
131416
168756
150238
9932
87041
75161
11584
39430
123441
87442
194180
47921
167483
91518
76035
126988
5925
185871
106273
44791
172753
22357
123494
51851
94381
181033
28632
111354
120828
97449
138793
46588
97079
53846
195405
115580
87208
172799
176488
165404
11717
45809
142853
10286
87548
25231
67527
190673
75521
101671
193799
49268
77352
108807
160628
91367
176988
205873
72740
59939
204075
124031
74363
102328
32007
183851
161223
66427
106346
198863
66802
31021
75852
76256
130763
215144
57348
164800
43483
139335
110745
218927
116412
157187
99463
3549
41586
200865
57169
158694
146173
112551
60399
38304
176693
112115
15009
183912
139346
203077
3348
193923
93745
34409
134331
122547
130671
153859
53540
22808
189080
209763
40963
155777
8445
72219
56178
153154
197521
116489
220403
78696
126536
147529
194572
182054
203703
85681
112480
197009
217385
52987
42179
7341
153763
149028
15484
22128
18765
228987
66273
22689
110525
55156
197724
224586
236977
181493
180095
172854
218488
111729
42378
115580
153763
241050
120347
3429
44260
162543
5427
93972
133594
68015
184064
221677
7542
139051
25504
190228
213202
126531
34037
143561
46032
210700
108814
45827
11413
84186
31761
142013
129237
2714
116330
97355
166936
75504
164516
127303
67371
196745
80955
70761
107800
178046
152334
118208
229529
129251
212708
124297
121123
227037
143319
210193
223925
26066
37907
20450
237137
104823
211018
220284
193331
217495
99276
209434
128982
189622
38937
219694
26149
161372
231844
10606
240310
171754
70109
110663
102347
221821
119655
105585
169877
103877
122433
93022
38881
131759
140266
201074
246951
202874
17891
214983
102417
256798
133056
40502
249905
210848
20787
12634
257335
167461
161712
68115
9576
84606
14424
18911
228446
120937
159124
29738
265697
22229
231728
37067
204134
5906
271852
141660
226819
190468
205588
37623
177107
118674
143511
109432
89785
113014
158852
80974
192518
23440
81817
141352
276804
2715
195443
59973
58165
94957
279147
195349
179426
237999
109901
150146
162605
109973
183907
181278
12957
252089
12789
192953
231840
245806
74645
154101
72748
272633
195254
222410
274117
29103
266127
248198
198222
70771
11411
180186
168185
42212
45151
132430
195366
156931
223182
92432
193969
145001
61668
3941
11679
84056
18748
203720
35249
204223
112496
275710
237212
207521
178996
81849
191965
56698
75294
12042
182688
75650
68455
265746
118791
24041
276557
114321
18911
113143
257888
108645
96848
176129
98640
41452
190222
200783
220616
10868
205704
171780
181386
241711
220009
194351
280463
253808
158215
6424
161932
5072
223767
191711
38112
117755
150870
16963
53302
53042
109929
79672
154035
245703
6350
15269
267349
176239
35932
2281
264974
237522
197177
219067
64684
141303
243026
33448
267279
96627
285491
102647
281611
115569
146403
247771
105543
108170
101846
112957
170232
105934
174544
171259
201590
166686
4612
241488
221323
273281
195481
43798
249083
111401
121313
217142
5664
186384
45533
130417
170210
106888
290610
56080
180827
30396
101513
275927
253005
46268
60408
258137
283166
150149
241789
254583
264418
250258
292159
47427
295565
216737
62733
236784
235545
223367
277031
55620
191934
86111
259803
305328
61993
21185
195404
142181
254239
88664
82825
64040
99620
60119
162334
99018
197955
280280
128634
269209
207897
57285
121623
189915
253005
138344
71678
18417
39316
20891
8812
23683
241986
294862
11595
212728
271
5542
46620
209771
115097
87670
99047
13856
175666
286686
135982
114941
178292
1614
88470
78706
153447
273910
300774
78143
170488
130438
270134
242106
103116
272157
157791
304611
37931
72872
121601
161066
230723
106800
128530
202772
263247
309683
312348
281250
317508
257440
138718
247222
141835
66139
218386
182545
209583
314917
245329
278754
304013
17307
83236
280847
273627
63504
213836
209894
53744
12932
56598
47832
287535
59164
49575
77388
265388
17130
89560
72113
72167
46194
327380
27930
149852
14213
152904
90895
59550
76635
108997
288526
91312
116430
186585
302042
165470
168972
108833
37096
29470
171240
277185
189764
158310
204219
84439
2460
7739
69243
48655
79358
302379
298543
150703
309383
313394
306698
243505
321673
75268
76121
5999
1158
71319
121920
189657
11484
31653
173725
237274
256955
151935
65257
159610
38193
319631
239874
55225
264929
10060
220700
168092
31194
329413
116609
70011
163280
166445
285094
7141
318471
177066
70696
27227
276996
149203
222263
208550
87892
8812
265020
112134
287335
320003
40316
265564
87366
301325
108977
224452
19256
108187
219978
130952
148605
327096
63343
203154
117120
97796
309062
64436
187451
279362
181923
523
155172
175298
226056
286494
191605
19589
185983
91689
331460
129869
94929
87456
101318
124364
225721
85798
308433
247500
143034
195841
68686
135724
56694
312414
111376
15987
283988
159998
82785
110999
116351
92416
66666
158889
122903
228611
249322
255938
86452
2648
243
229597
159188
161681
288175
57035
304146
68162
77093
192563
39894
320412
75329
297313
56320
246288
114191
32795
132951
60433
326149
53328
299577
245872
153629
37798
97536
46657
3209
133607
231201
75891
310077
32147
110167
302798
53258
218868
302457
125589
229898
156185
107700
76899
202972
28459
288548
304379
91898
64470
149339
221683
94747
301974
332371
184213
155192
49913
102545
231178
329366
334008
255466
323176
251422
263185
343436
196151
184915
310951
284439
182952
310104
316909
122085
200119
292805
78433
264305
133912
172120
328131
163308
328616
51838
256475
267975
198307
234431
243855
133729
129900
9766
80663
333640
244257
290082
39881
195647
12955
216318
148629
230023
52439
153861
5184
87825
297649
62057
188937
324633
24958
265146
43455
32042
148631
154645
297754
228855
252522
221605
93665
124309
349453
119163
221406
142368
145483
350692
26796
104097
85175
280804
330542
148266
342227
164141
167617
182373
203687
356674
1476
364643
223210
244837
292639
142777
11767
4148
190462
297781
277027
370582
161715
70123
122407
2810
58777
365406
252917
35795
223172
154626
142347
185858
311525
115138
191665
370972
147192
13887
374283
86936
116567
288585
191068
160075
353926
320991
234203
90354
107649
202461
52297
378364
280769
24246
125141
360874
132742
232191
377902
64562
317585
333807
47332
382240
313660
37069
252871
230262
62005
921
253819
354040
374259
220851
139355
82682
159145
363314
103032
76834
144514
387131
79965
205107
151509
29205
248376
96114
289193
296159
300845
106012
176951
333011
24573
258170
281469
301920
281921
102631
11133
249437
380246
307630
264781
303098
327240
188883
242849
60265
228153
186633
170427
160530
267382
159848
381334
9834
127160
212285
299331
309722
336801
350622
32567
294651
103777
45155
369655
252349
359466
26496
167378
277739
319341
193858
105028
112773
341433
50875
383130
171439
224906
219024
141356
150659
383343
382874
152845
211342
257306
334110
35854
54931
368451
289992
226871
30840
300851
104426
43824
352620
19527
86449
352417
267839
346753
300819
39640
187349
60768
249831
120988
198144
143652
285980
158663
142787
169010
245546
150842
147768
233024
127700
83804
281733
151725
108838
187343
207988
186833
329813
306973
293068
217247
148990
340683
264748
36820
24131
383883
295216
326344
256037
220659
365832
49003
312265
158667
140887
366655
56921
267706
58759
321233
254656
279405
188128
258195
374464
225196
243230
287544
367031
12198
259560
73326
332329
364049
158920
64208
152828
309544
103030
205794
17911
387756
26601
363087
210748
375442
376381
232274
339125
97755
294248
68918
206776
92979
86757
42103
39945
197778
160871
330204
24100
324839
158662
175075
129637
381916
266447
210247
48837
173794
396652
264789
2836
231106
70619
345064
216068
233593
67132
216620
51174
251806
256327
126343
302039
359140
100454
255676
155283
310900
397333
64866
238340
78478
187547
112897
216488
108194
101285
355476
145948
66372
88050
88731
354707
126310
332712
149718
281952
125971
354960
246548
194135
257425
370878
313522
176584
45637
356415
209527
182015
287806
359183
322433
130354
65319
59190
330458
268902
59987
76642
366079
3994
322192
301876
254547
244191
371605
275374
41212
290509
349185
32406
369864
331922
324074
153158
306781
311666
42773
278848
233838
308120
236928
351359
155989
110446
332137
344707
8792
302803
89581
207330
183528
358159
16163
75389
125843
76317
188545
45479
120319
198725
35014
294675
5229
204362
338833
312870
116570
85168
45861
19916
17471
363652
341388
174938
191499
174073
19973
311956
134350
113188
290059
184293
229889
28793
341769
106664
184876
170994
199002
337927
333731
199099
303174
65728
302238
158174
287224
254530
397330
145043
4151
333390
12352
213628
259692
63610
88411
115178
175112
339207
57741
249213
77475
304030
204633
41919
118505
204862
314168
80890
359873
330390
54936
139966
282282
152946
19157
398857
211418
135146
198122
183678
26106
32231
200505
112056
78751
94991
354537
136853
86773
365266
27119
183754
337094
358743
282055
227899
275310
260112
407291
376058
69529
355361
274402
274207
36524
269384
201328
57304
9702
23384
360128
347196
39137
271885
294491
373408
4686
236366
75763
224656
123341
246376
254701
193624
15905
168011
244699
166643
124773
16940
269644
324998
176355
333376
5288
159041
34786
345196
261406
162745
247319
14997
316209
65212
103353
178641
208386
165935
21797
410284
368500
53710
73719
92316
217361
252338
77806
225136
66981
255679
222212
88210
139053
288009
283628
386442
171316
225633
18878
11993
218889
280977
163952
214560
8999
103370
129071
294411
311457
225658
26281
4243
388686
33649
336666
216691
239621
26810
368366
383805
217317
408381
221718
408231
132006
219919
182982
245846
330701
62875
309761
28501
338844
156769
282205
304046
361998
357228
302213
334143
117668
5865
134473
32714
327822
87585
210264
344872
311472
98662
163371
77605
182790
117862
217068
349010
419592
199825
74310
291662
346316
65510
86201
139823
18951
354368
281001
147325
222807
195670
279268
331279
27299
200071
4183
299583
290845
240708
339868
87703
66056
321374
362333
106361
293245
223815
210474
125028
122215
274455
274251
156730
142297
254076
186796
153453
369673
263239
204021
50717
80469
222016
360871
68168
27444
403349
84977
87721
354716
262498
357097
215540
36393
288024
8010
42020
52005
8683
105562
5827
79386
37144
324448
144161
156609
47345
174627
53816
238235
178592
399668
309472
220465
162238
126259
164112
369589
70393
179090
408659
358258
26188
20483
154389
365064
70843
106376
255911
372824
331686
419120
266654
175456
120901
189638
124204
307504
248015
239697
350347
266131
379975
371530
327162
385726
283223
50226
116588
191632
124928
318089
310297
64814
364293
126673
7183
154049
105683
378101
117831
384833
393634
294023
255209
307688
213973
243056
75788
235364
21519
325174
118243
83978
276900
365396
249879
68150
112225
317730
37746
309916
296250
237297
157294
10055
84446
254899
255687
53848
235950
212832
111611
115066
418479
341344
56996
354167
165537
18112
372665
7700
301154
411287
71250
364377
416752
35426
32605
171804
56687
242772
417697
22143
342779
141791
79494
115426
127603
222833
299527
189673
185873
149691
319108
328134
311997
364802
328552
348287
291893
217636
213944
173892
329300
352987
185553
83824
349290
84131
110473
428809
44135
40800
301559
55846
253990
91576
232738
200659
319449
310187
346546
373210
425200
267449
409780
7501
26847
401476
336509
162448
142995
204643
98799
3981
3337
36470
74611
359572
170071
381924
381158
386276
260972
231806
324963
431074
37091
438894
245083
385445
40258
374335
202439
324677
166378
301214
14595
404953
99156
412919
166796
275823
405937
442068
128752
158607
223575
333686
211149
316482
306709
140795
195818
238283
451054
100818
31513
253443
289547
202192
206310
258155
316207
345275
143525
406294
178737
31323
151725
193877
253085
243691
265317
83833
158220
242425
260784
104054
343594
217006
377166
398955
319169
224071
185237
66888
425926
33060
28918
351571
33909
218506
236446
247975
394185
59807
72412
261698
234133
320600
167057
454016
382661
397954
314945
109044
287830
252601
108942
380592
315454
158474
399640
422702
41353
18280
30445
425003
328159
248364
335335
284417
45330
446001
429550
253392
201461
434923
275384
375867
70297
398076
132977
395855
438644
360897
213526
21664
384431
404501
28298
168655
192932
463720
73606
283640
360450
448080
65338
101046
190887
361327
138161
377255
207777
95429
184551
63848
95411
306767
64891
122055
265052
147151
473017
338869
120079
52364
275529
307436
253511
479562
313504
190845
53402
317442
318639
337571
338441
68739
981
71449
393321
293630
475331
178853
459394
95740
128262
450659
234998
150992
449988
98733
211191
411790
401590
480302
96991
83203
423487
1100
244391
265699
59411
29229
121007
275794
149661
417388
188214
169424
309690
426526
129052
146720
42217
166347
143958
306320
143654
485815
378117
329916
275454
168751
106080
294086
85962
125188
338471
127733
379106
47779
360187
366628
234068
439840
99131
300988
46072
311725
118388
271138
92672
317941
46851
111915
460514
340818
333358
327445
310974
223290
349136
331211
374343
341897
278578
183889
411216
383410
190556
435647
161519
462856
54198
15581
198224
388297
119429
363559
126636
299734
57294
390090
327081
347909
214924
362548
270264
191315
223882
210443
384905
141977
420861
404294
206144
84289
376080
229953
434934
279787
316800
75560
38189
50318
273590
308035
174234
388236
219561
140161
88343
155949
371386
100942
222512
328075
320458
475964
415807
321470
73674
146351
417400
51544
186660
366971
227746
161252
362020
12353
42897
362491
270813
161420
8573
70395
174744
120968
163794
53009
129395
460931
340628
494413
298564
345085
451987
229468
7112
184608
379970
187829
313478
145883
332953
254332
143085
426771
196115
468531
117962
411307
223414
400828
465126
85152
197448
340505
196457
275271
155924
495669
318704
444896
277415
377341
256598
157042
314527
33295
469720
54677
247117
472055
440161
82356
247293
497503
373429
144903
174853
127423
435329
469950
499115
42508
312227
413844
12303
342927
498797
188912
392326
120596
209263
494566
129565
455946
223824
427071
160214
117641
495643
86781
120342
498540
485290
409016
418322
375437
47588
11242
262899
282143
236592
50610
327265
333934
411341
109967
113269
52974
351423
321821
231687
388024
403328
41464
276283
372478
157771
156324
416602
423411
327652
477441
191736
214059
135009
15297
257778
457307
433594
250172
328462
188645
328030
487431
148893
118600
143862
97306
244493
19863
470765
251895
157324
176328
110251
159182
468731
349666
10611
255944
192339
52426
125710
236017
406954
469578
50338
330049
195405
257845
382338
309929
470858
382414
334906
488063
406768
459875
372708
289155
387639
133278
351255
211483
384540
385748
188777
417691
208231
494872
184117
172241
432930
347729
200664
126066
247930
449219
67799
383715
433011
165154
16935
177156
403742
197629
391657
440658
383673
423295
196811
123333
17025
383808
369128
291534
124657
385545
358811
473899
172132
120940
325931
24711
140310
63230
430438
498078
446045
368266
282408
17696
23206
487121
234687
47792
316188
397307
364087
75115
298664
88431
315464
182071
423237
59434
411850
292577
500130
374748
20081
169210
358943
396458
479107
151233
470918
315432
178410
140562
394228
510023
153002
463884
47907
124479
487968
509792
503626
353527
57371
134280
389935
99460
479563
113157
193479
261800
171382
35092
256417
68730
114027
467791
327124
327085
501145
13728
257630
364172
324189
38148
338312
47268
208823
274562
455378
146126
81721
9877
514252
152179
455743
399716
151249
468839
288380
447091
416197
163975
106265
436081
18890
482565
24526
75238
447426
299624
361577
468790
321003
64652
178048
201901
438669
395809
456054
171278
386943
273617
145775
29269
47637
35396
270227
468181
349165
171527
482000
186831
341834
492307
207199
302255
105098
518227
467624
211581
70139
86398
496997
182428
37455
90489
116267
391704
12626
255156
372617
496806
169198
320647
306680
193993
418464
518527
293082
28195
124283
218002
247666
75528
134634
98008
373305
161900
415402
478391
87791
399062
239271
460004
103146
90532
232146
27072
457294
104080
125395
338101
476431
374571
291359
216379
384356
29005
135342
417210
403992
6608
365268
58756
7820
437743
358530
76846
346044
466388
196850
347414
495646
163770
103610
478304
169313
464818
393759
278352
426249
304764
448706
186819
519057
468271
415650
191005
328089
9516
503629
210464
516194
312592
425811
9740
173287
338787
82043
359220
486941
336630
305765
106191
372206
123865
243242
406099
131442
152918
3309
121355
43621
235492
483956
396678
497834
267234
237008
341832
406660
459721
6363
273883
363652
515685
216088
316120
61780
7152
503279
80331
139963
123136
500961
291158
433343
335882
353816
23389
260855
256332
316526
346007
389858
414804
494744
438814
169559
265666
417514
83803
24464
69972
214711
417768
504428
528903
177420
125574
335518
534279
447955
209671
47302
298648
448890
351044
406021
241497
539004
103810
231117
494791
141254
447325
400596
442309
319748
19630
147048
313841
305836
115831
494098
88478
503147
472710
162265
113428
404406
138373
171543
48601
77447
518253
111708
154652
513324
101234
157172
186547
302407
7448
11702
246437
450170
196069
201158
144598
233701
7948
356638
382158
259440
1076
222795
273728
292517
58894
283359
458908
131050
311954
528064
162784
536071
436831
246252
44707
343151
337692
135801
295215
216255
109865
329336
446151
280908
192385
516246
390421
56451
275423
220905
345075
133210
264781
37612
159735
450705
425304
456990
534544
29889
22570
147996
309067
181662
114087
259641
500384
124139
270076
323308
485844
187185
28316
14410
39233
539218
410752
419847
4514
449350
209012
281884
141549
439479
449089
114864
241503
448421
523134
437551
350537
412503
190273
19552
424910
134682
397934
120452
471488
457211
472954
125029
438027
444129
447521
189599
147793
382996
220301
92536
261288
493024
387559
131983
151646
395965
474752
346563
8565
250338
159375
536697
164566
113488
393317
288969
20117
29473
103871
351384
216546
393588
231126
487978
509520
78853
139496
6303
127371
235274
326242
37363
324464
349692
145987
65912
320861
57508
15368
526260
51444
413696
152295
116956
503152
8060
534744
90707
341716
392253
38304
176496
61279
185340
138349
358026
500066
236993
116755
121648
524732
135090
296470
131568
412603
335199
410215
108242
255367
526058
350714
423294
168878
56876
441470
168695
69209
344673
465832
244385
160633
220767
143522
366107
160884
492507
539964
60795
522144
277514
260892
327977
75344
507960
456009
316462
266475
282660
219598
221622
22869
193446
260624
72876
36157
519885
371474
324755
155032
376300
54089
297253
251110
125633
10946
389121
399215
247486
445309
320582
142808
412174
308872
400114
479489
232272
111356
430846
499317
385124
70764
510222
17168
264433
111856
361324
30520
71838
285462
168873
267516
231343
14474
37627
441187
376567
128555
514808
201923
120337
202016
46621
449734
450629
175249
449796
286922
86056
16606
342423
173889
218303
196658
325535
148281
367229
543822
427391
418417
93222
137764
86588
318335
381789
519180
168412
81806
66938
330871
65599
272067
305579
503246
462935
66683
521635
118383
485536
381849
283677
48697
249884
154913
282919
289129
218147
363791
274753
70979
320921
70695
285686
410070
336682
281986
247658
418456
79935
541457
133463
395409
323021
326137
315055
431922
280001
434861
361026
68146
224952
521757
440483
373414
200658
70680
423418
222538
191185
438661
319967
453190
103885
428579
495841
375830
95603
358901
336873
182934
56306
313933
485320
31506
252322
70487
69878
435758
439826
13349
227915
210517
8857
38017
438270
159567
246988
121715
519246
258550
5234
231239
375115
26519
219126
121675
323545
539816
24439
403765
249214
464516
187963
174434
448294
397356
63158
159593
41772
316142
42197
490661
376594
322299
83203
546397
70842
348590
511755
353670
337834
156889
531000
279276
294768
540074
11689
484511
441466
265128
34402
224809
449463
50237
498950
425930
422840
547587
42932
282018
332038
84135
295885
59320
98017
353512
238216
225162
531461
436421
136603
542567
434743
96318
333599
24277
329680
274593
228179
145201
541850
26845
274330
169871
374492
214626
366682
478146
491054
510434
522429
80391
174449
329222
349173
185580
531080
135837
332625
62073
387641
330051
431402
215886
167875
131967
462293
372552
48168
530
192030
281325
359776
420903
175187
370213
316217
219323
511815
370894
22725
374521
209875
350119
471966
546338
287839
410497
286013
127975
518918
416461
139933
155751
376794
20031
263031
67463
478012
524741
255638
14858
23792
462117
135737
9636
361704
7549
530216
533110
222341
347368
346826
11868
493893
167817
109541
48692
21743
413248
96076
129396
270423
267260
377092
402478
297454
285561
203583
110030
102409
122241
502496
385163
442853
112792
115478
494482
500280
232220
365812
31603
526116
318640
19440
376055
311649
230773
143390
398547
429094
529225
268773
390631
533757
450689
415483
538225
444748
402618
184448
315438
332056
375055
512028
475207
82955
143114
269163
278006
525162
60260
104090
379895
48969
278490
266122
249140
382201
498302
479282
361792
223198
482658
493404
449267
222028
87514
374793
159116
393037
369573
91259
202345
136359
316679
427436
449014
386314
26665
275664
232666
268479
529421
470489
247112
389354
129803
239107
185036
449099
546089
222043
204082
460494
416035
422988
145677
205796
361533
404563
104263
190872
230921
138112
247862
156973
97826
505777
505341
39417
97582
396442
532587
214608
40829
38095
439602
406626
448928
43105
279870
328849
182947
477235
548297
330647
509879
498768
497616
52401
319295
192078
94246
216773
94839
160779
126898
82583
183062
439221
233975
546154
23284
140470
466548
513850
35403
9832
33442
454926
43195
192802
387557
481120
355741
260679
377964
403165
339692
431003
451943
146763
371590
432752
496464
439074
357755
443198
199751
153063
491675
36303
209564
126880
491642
528547
376850
73312
163323
6262
81235
386785
295879
164042
286764
360299
430357
202171
121498
262168
437510
338657
478312
232084
367952
241315
413325
240827
543410
58442
52404
265138
58879
280919
258348
148622
440090
157517
10276
205514
164744
291967
182182
481468
779
155436
433734
22334
274673
29911
524441
489816
150040
139826
337755
21340
336288
235922
192969
115047
438355
195592
283032
532488
344410
417773
301421
56642
236395
528763
358188
316931
534941
257936
5403
381152
522843
445223
422266
333342
14522
21924
9619
1592
511527
302755
20612
71390
491837
282013
55016
485406
106169
464658
323947
281496
217063
201200
268085
3237
485126
495087
296775
22726
420301
123478
281076
32863
550531
123477
35714
434362
459632
355768
489434
64049
187689
474280
222344
165625
278363
318819
451476
39387
26897
425408
285458
448322
485512
212420
369964
311796
26456
275908
456155
179224
47288
521013
360276
140778
59928
163164
481129
324467
251504
325940
468805
396497
451150
418584
287111
439077
531822
373230
225934
521503
556993
409595
250457
414562
340495
7753
445532
291919
274149
73846
482831
271352
155492
13895
215120
398375
433764
222423
278078
470175
11895
73362
315075
113577
117782
39474
157780
558210
215525
414594
202095
345384
218332
553310
73930
264340
123818
105219
502176
430876
423313
567888
444688
82285
560249
216851
260232
564348
126748
432592
280054
547913
213535
32638
442112
124460
62147
436697
50087
151093
156760
545650
328151
98083
183221
93669
133867
188025
309459
96253
515585
452896
106026
350456
86958
366533
572595
416335
479611
234162
176943
557109
52559
305141
478573
577602
401469
411822
160332
128714
383709
417544
181494
134819
302454
74532
302338
516330
63085
560916
574563
9608
353978
199388
265185
31284
21769
292066
523664
73673
119150
346224
496168
401965
483779
116805
564876
145200
564077
1890
43994
133527
75935
262356
507007
454451
181098
10542
326444
508098
488128
462946
465703
499312
261892
486477
413590
47800
309267
232020
91567
246358
237688
390150
398594
425561
64760
397082
415631
468492
104001
35921
265483
217135
216455
375307
542640
574325
32174
558766
551846
238314
107732
355236
346323
320356
291776
185086
513028
554846
448824
310858
389484
449413
102759
76645
544288
248647
279950
488480
284957
413887
441027
354672
30851
378401
385660
396200
460866
64832
292592
22212
101610
204722
319932
302336
245221
232102
247626
309715
250321
164973
335679
26140
56016
187593
366542
281426
584997
423711
472565
309529
121157
32256
420626
435317
375273
547457
15665
164240
269942
472890
128421
424255
306654
84397
188519
577269
397542
244818
346705
58554
301076
291291
452196
423721
193805
457060
105579
307935
183569
78682
572130
405061
175674
546960
102995
102923
414087
299068
354949
548353
256131
425226
319599
301746
85590
209471
263104
583756
473108
286486
574633
445848
294758
171821
191824
504520
449706
135116
288886
269710
563206
214652
565745
349430
12374
123025
506406
126695
427182
377544
588546
239994
113416
326869
138474
15208
73104
306254
132900
253625
273860
36846
371458
203573
154371
438431
110327
332995
334766
377447
202163
336154
351927
45339
106721
174138
106354
151268
467937
533359
593624
203792
65434
375594
405110
477516
527637
307656
45940
364170
591043
478532
281310
377851
324744
99007
408698
539959
564652
469843
433573
286258
333397
527602
74527
577808
132155
368448
600782
382464
433248
169744
447044
164748
151318
242302
359242
22823
89530
220479
419786
449367
362670
558485
83449
448125
557822
324016
261406
390690
603578
110765
160725
20373
344007
521535
157852
256950
549241
396775
175537
320962
276476
87222
612922
395575
601761
79965
48263
389526
554155
486609
573026
325962
574768
548869
619425
265564
216557
182640
588283
320842
278225
345459
92105
42297
185533
433923
14223
533429
195299
459488
587358
234242
370310
66093
248666
378689
238172
529051
595446
369059
472338
304890
607678
214805
437497
161112
287266
626952
183044
391362
612389
488406
140633
573751
561981
534045
246842
78125
527746
68373
4271
196768
205888
540183
105514
240257
451148
125608
584892
556532
626951
11171
229863
114011
575274
249614
426638
117610
124901
139507
130990
422106
98322
440868
215402
180719
204786
313268
305716
52897
166376
434583
460875
224475
148025
21600
12045
327189
359408
472024
270110
507000
163370
573784
186958
2357
547387
499343
15676
193657
618638
437462
110845
191121
179345
523581
389773
524155
82650
333404
272788
151909
135196
120407
580390
146058
149350
528769
598256
68135
589782
253814
530760
45192
200732
503875
634254
573071
26845
566110
319740
376783
314762
432706
252393
484491
244939
491396
536787
118388
99276
379357
459464
5914
243249
135583
387107
453986
476616
133081
250363
453883
569486
131971
113844
293623
186001
553072
227745
500528
452382
285536
317816
179043
408858
460758
107903
27668
31312
444020
630302
160620
438097
252200
213544
231242
570356
607575
297262
512021
423565
438707
605895
383345
487382
258970
472182
253035
419638
577229
354063
458119
274084
345040
467811
640755
594961
454001
485638
105022
18891
374753
198096
411968
6105
521100
394415
608779
17605
444604
196727
572070
115156
79741
15104
603143
375050
352245
383589
311504
430653
179527
469221
484650
472646
187462
355970
48285
144207
437002
496123
235189
430834
143778
218855
200730
172563
622933
43014
69753
277240
598966
285252
230888
326561
431239
613706
610600
137611
344586
1279
324905
410290
345493
458577
35180
14545
514269
271622
621485
438246
328165
425353
300744
125390
119727
197952
391737
574270
638721
169724
109633
420787
268475
450688
318123
617397
277830
269868
130414
148424
266681
527700
135154
498856
107994
440360
646290
408563
93434
29465
308744
509549
425756
151126
530779
340543
520553
133358
145392
322989
398759
131451
334021
514214
135793
219211
135634
301800
522628
12142
531380
57655
555426
459034
134011
333969
5838
214689
538866
512990
542917
150114
488375
614701
60239
437027
630051
280701
9992
542915
128243
505683
88053
11570
329958
592313
485264
365880
488048
518621
348489
48016
120397
350840
324986
16637
35561
472907
295408
3680
175643
240978
393869
391785
39562
613990
359850
426593
325257
346543
181598
69111
580194
464441
391694
389215
276832
131571
623894
628438
413724
32868
238194
637854
107696
420169
376920
59091
45902
581743
359768
391272
655839
645880
321395
414577
24627
62615
502492
641690
87786
295984
512807
299916
592566
273351
38261
443320
308812
243261
599974
435892
529818
447098
287070
433723
127613
470418
586595
505110
198960
394125
279127
550208
345238
406675
302989
665802
52451
375571
170317
80059
604732
427834
67032
656917
480114
637680
218212
285099
556413
538390
566295
212782
433107
25330
491584
625293
318109
90760
331799
341547
410805
164122
646718
32795
278375
464292
233818
153173
73037
568588
382800
90688
175888
582016
2089
514451
140104
421973
283644
405990
438209
499566
166344
542656
84150
261965
311381
596911
166747
56259
597875
106324
39301
326926
540131
384
487255
458673
80782
598623
510309
428710
656674
648646
548137
457078
601958
180410
347858
528643
559473
87561
402468
354754
122556
669044
198834
494363
154877
283014
400241
427163
325767
72389
353089
69614
205295
462226
614918
287117
54996
324574
217732
538022
498735
644429
402008
525855
381006
280664
5721
275831
663827
423738
632091
36081
584109
651339
245433
465649
673550
265263
1096
74095
576822
574350
66244
364233
7606
303966
232830
630115
338723
481823
374797
345379
653418
194007
361
7643
336712
20362
87556
654416
641796
458591
444895
491550
55440
600487
73965
99493
489062
509114
421915
270323
1436
639101
559848
49460
145599
611586
38547
611910
344599
377425
226142
428436
126088
96970
108591
460189
414848
500774
218673
463418
157293
22957
367767
127093
308497
415098
133334
69037
517763
287358
564305
138995
655194
521748
219422
409526
286700
519258
439665
331699
65910
470387
442931
367202
512351
237541
352878
240226
335428
614284
625261
155366
640851
646810
659913
125720
383247
435997
511232
38581
387155
632610
181419
325220
517101
229959
148338
91358
467469
391267
424462
398010
535627
316535
7091
197392
252242
501629
588257
495536
88871
213547
23229
595699
328745
667438
281477
107419
388853
623625
145447
602758
489014
97932
494040
600182
485910
598821
283229
672955
276246
537511
332683
656431
110551
18545
472784
87035
194458
628886
116946
499600
240808
38753
200608
120831
620202
387081
547078
155918
668960
260816
63775
475851
402051
565301
359162
81672
31384
3672
38990
452057
659506
131652
96884
71893
524213
597601
647454
490948
252563
117254
176588
309936
282003
116424
222019
540881
470691
248204
386437
328958
38191
330330
315475
170407
414178
284962
527517
305016
597496
141085
637105
274590
557609
336301
274572
515835
415596
255257
663709
148862
43368
358635
395646
414361
140342
463652
104796
46584
378025
58701
643219
521469
201420
17221
299931
164827
119154
147223
587720
276386
175186
595370
223451
102250
290787
264545
217301
12970
88508
307162
625265
628896
423911
252264
354478
71807
104732
466153
594353
516590
415412
124934
467146
245696
615779
298899
194651
440459
118357
659979
203891
92179
288158
385671
634916
159835
487793
644253
434215
343892
347619
269681
401574
539677
114025
159451
505286
519772
17645
91435
244549
345423
323672
534839
171226
39301
329425
588540
246656
349436
421606
124107
163784
272763
42677
68241
272930
403897
172316
372184
119173
253354
581624
240082
462769
401826
657482
352721
161729
367673
182729
839
236871
54035
480509
67197
467732
406227
220771
273972
414781
471960
55292
95396
471199
387022
462940
640363
461553
678233
228475
188140
206544
60891
265403
385687
423120
607052
664260
122584
60919
120515
31281
361490
334242
288941
144739
348993
444969
372643
173064
586244
43388
8995
206945
451022
267784
40325
346004
357598
101234
293691
422137
685120
458908
435487
221847
489140
29858
682419
363241
167137
420413
225123
164100
687990
208300
15713
466087
232496
403044
89201
452315
480826
669132
458802
421641
687734
603926
418777
278665
268297
89566
253386
106446
563787
672368
457439
559630
494988
256924
414090
614912
481573
132108
248248
573043
491371
80095
183094
346498
535860
426142
645884
180044
591806
285176
281593
681576
570867
8838
411490
369370
484237
363562
442137
317074
333377
513656
295466
247930
561519
484025
658997
115787
93338
262650
546562
5119
561202
585212
579783
299709
661297
183956
217697
370512
531674
541147
577935
28945
559384
551715
10544
436055
471716
328631
335245
469774
606399
692188
286038
472188
282308
379513
362298
76816
255268
36597
299086
689557
487339
25392
523907
326523
388503
127119
497282
641463
488946
532071
232049
196443
191987
534705
675042
632928
492176
136259
238538
273011
643653
417940
276239
443156
534978
498341
112422
117186
47294
499748
252577
58580
206277
203034
525777
694539
69794
521673
242865
69703
536046
469217
94479
273640
345852
109152
66346
154169
685837
121634
160949
696780
63083
123497
321761
300459
475905
472190
61993
571086
562483
694344
310362
36716
119337
567525
509747
400799
340003
98555
597510
89450
550891
642123
390809
651988
549551
698223
433461
228937
502435
199775
198183
153591
239939
523214
635257
143744
551184
682711
421253
680096
635057
681485
388610
22274
560191
306541
84786
550277
205556
163110
269775
435293
429920
158069
416707
465174
37096
267162
664439
688987
496730
99243
94646
282381
286661
283448
522863
425260
525541
52723
85955
205547
397233
376297
411557
385532
429886
430638
458300
365063
695577
634535
216330
443665
112574
225776
552412
517457
128924
307492
1629
211650
384821
38661
560615
448287
683349
154971
385277
6209
415183
676269
487148
219256
16765
352268
273086
394337
153066
469420
458749
113128
265050
356144
606666
561429
606849
182918
627478
472282
396832
348110
612195
357857
665441
575195
171166
394165
296664
507094
468295
201642
320292
61537
35954
460283
261158
510421
459930
183657
179365
240121
297396
466510
670585
402120
530371
262079
652913
47455
130818
341260
496195
110155
242638
596338
67782
133961
666767
490422
145449
594804
658505
112002
520267
191770
513826
49617
86024
223068
479887
172591
412623
446175
3660
211808
421698
456809
588130
450327
362596
465442
435082
577736
8682
521864
472913
13121
302574
92949
181768
125616
350616
534169
559572
94370
59396
644694
530465
653632
122127
571055
701136
514129
616081
673989
74548
109571
195977
474579
634581
450166
28600
212065
628836
218691
155263
673758
253618
606108
355113
273924
467094
454880
319521
528809
419134
388786
686901
108788
472499
542155
113507
311762
583531
620
497855
93612
51202
359066
184356
568633
203416
123722
283968
269629
189399
629448
216740
192637
58584
455753
556256
39043
672245
643547
492138
230685
557525
198923
162551
140000
429721
700302
86742
490090
479658
647339
12916
500754
88137
711109
650165
165016
504624
551413
676700
104014
162377
410955
15521
146741
530288
625821
669782
689273
430310
299376
252386
490746
90354
168511
247159
608122
173602
290176
168430
32482
159910
13896
530063
400989
18096
166990
556418
663445
653086
599208
55402
20328
91039
112699
105735
75560
13517
399931
283517
505164
309957
254326
299129
624556
478290
603847
171617
472519
369168
462891
295002
710875
69044
32137
594889
569391
198801
567213
543044
658898
85706
465382
261123
557260
257486
714603
564482
579487
164961
388572
557977
472522
552737
535467
558660
275034
445596
425742
547545
321955
222282
83434
586654
313967
484295
335889
642644
40687
212071
437267
175262
132831
3821
102910
695071
39313
560387
625836
497007
305179
262375
15463
24285
274159
509536
84669
531459
323165
217142
216647
291496
73272
543905
66175
161860
657415
422683
605148
116611
478206
124558
457601
514189
519498
95841
465319
477653
684536
204220
621872
426147
142308
218375
532929
313790
382704
237717
415380
52380
440065
211667
688747
452762
101375
664479
515983
394690
317079
433710
394016
367886
631308
369095
360383
463464
264190
250238
278142
586987
415278
290090
495458
396913
5477
27237
243293
659197
259615
603986
375521
63603
256852
608147
248564
642289
671691
691369
545380
93972
186389
568932
291717
556128
268823
617820
424247
499523
459843
701315
334481
391937
128777
368265
705939
308722
87616
545734
446941
415320
213181
266407
373063
471735
467254
692345
125999
564447
511950
170526
271844
464067
364200
371651
412882
667636
93734
74172
466816
494468
162188
121650
660206
404987
118035
369960
91855
707434
23652
76100
513844
470425
279289
540209
298420
81402
283589
481413
719181
77205
107016
635415
728086
682686
259259
425315
329012
364773
51008
705780
333689
697752
325844
302600
388311
457322
301422
149822
532733
734814
91732
343670
436406
3223
297919
168210
367988
355871
489949
162071
281688
644115
501985
551773
75569
638195
260428
48556
179432
82033
94728
744650
233135
694312
580757
460647
669723
35708
549383
620589
30203
539587
177203
658030
115359
726657
715656
15609
416648
163735
242381
732496
673575
261677
81013
659481
88072
193816
99623
299778
317309
163490
163151
733977
354847
418834
198379
247853
699693
664473
585779
340895
139078
98136
420628
554319
374240
276093
40602
524165
694865
103404
230619
155865
28876
274437
727400
269310
344218
107233
398241
7506
553484
71513
39109
618899
686052
521261
347492
311464
389281
731637
178416
93318
676466
482822
63327
288568
201106
286884
723395
545735
115895
586707
370754
666836
666366
194561
750368
678634
76599
211161
538750
583330
155182
670342
314327
418407
269832
41842
397103
367599
231527
252141
125311
367878
125663
401929
288372
690181
516192
570270
359050
592251
322768
624373
664505
490487
367133
730376
757596
410561
63368
718891
307769
683399
28393
550122
183233
683288
188180
114666
753096
112499
725489
680978
129511
169733
385295
66173
57540
381619
635381
259746
22083
18971
607828
189605
451283
4643
660472
744845
275943
577043
101213
120965
564051
208822
234675
488368
280935
80399
16180
34666
12595
753326
715092
753437
177104
450700
125616
402285
417728
246411
87293
330502
445402
1977
176191
603096
482333
77219
63099
87203
266060
445259
389602
79797
223385
431726
706112
285602
391336
388515
38161
399114
565632
544665
174256
574836
125770
383284
17056
419124
477332
566706
353579
539327
192699
123088
320101
725904
503615
70873
718376
296992
497429
438880
401126
361147
142989
527818
341509
145003
355550
157114
424209
431043
570308
483793
9225
273760
551189
497981
441948
739871
370564
341122
744700
20498
571311
174626
713516
181016
346558
233332
114495
525222
97780
663366
4996
283642
547291
546853
521338
454760
88585
243299
119117
112326
348725
723912
507146
168408
131911
681638
140951
721738
586288
747379
121791
730284
721396
533102
214166
336516
628941
683375
82681
722218
735121
242275
548229
428973
764094
15321
683143
625223
514098
73220
109366
401313
632304
716669
717628
323319
403417
198288
430197
497210
700507
50161
512004
273697
92993
425965
266886
218257
115321
714239
425091
409474
176947
696196
602948
398080
733011
654781
510167
719228
664050
537627
664739
353897
684281
44306
446
87964
385606
424555
230099
533990
78438
41405
756374
82806
298589
146502
412241
625527
652044
507511
666760
714316
16555
625364
82822
602080
404898
226632
379543
90794
26017
547230
61878
432493
409620
394962
159677
230492
410895
689910
79511
61596
95011
120258
198811
56068
37430
243057
585118
546804
755644
445706
649937
619945
695678
375634
612370
551518
716459
544783
304271
365714
23487
746754
288284
118281
374659
259565
341496
511293
601558
608362
769025
710274
726923
396411
72178
594588
10922
155511
90423
504199
149065
9714
212512
586811
271188
72763
394599
326771
750281
770840
269070
570436
85334
340022
314354
747449
652361
636959
425346
578658
33309
394436
477659
714758
717784
679776
653646
484050
448150
440463
556519
758275
1263
235116
283576
704027
75138
584825
623258
612652
28922
112578
171520
652149
119518
186121
437827
141338
668767
693458
250288
731483
606803
506280
33669
692804
202788
198014
703486
129263
409589
574511
453464
612591
118701
114718
468992
396460
692072
476681
44116
39347
454130
366730
269311
7601
157983
549815
666096
487913
527057
325498
479140
247402
406754
167340
596377
188379
210364
85519
201025
27863
153776
76657
324841
514247
702816
205797
319864
5083
525748
749122
752484
597276
403285
277097
172246
375070
460519
777390
372397
135015
636053
295362
774577
113418
353287
359900
290275
617280
93425
465902
580215
222857
202754
139749
227059
344592
489601
174502
71177
273559
363857
688723
253913
629259
146682
232736
602323
613415
737969
188737
274581
317150
785700
183834
325141
440487
714768
338001
696355
23370
35445
692838
569138
71181
339632
33061
414143
719868
747900
451845
631222
758574
242510
340620
320263
595962
759357
721618
554223
554061
395260
89301
154748
14543
231912
19295
475692
662515
133314
376808
229065
41472
72104
566515
169057
142750
383341
358982
563183
336862
566655
36772
134867
326187
625381
669306
349548
387401
603407
54850
513282
57518
469655
186149
659862
109156
18077
750737
502313
614012
165977
152026
495792
470668
598938
261518
386887
511127
364848
181114
319218
70647
534202
168211
587655
235356
180508
449031
787723
630406
243362
108484
598625
308591
94966
556275
4431
770574
626440
400386
574631
366903
404241
528165
611571
99534
336664
550178
245644
603005
32738
772415
444656
69802
455695
354284
89703
749254
291561
246893
564156
593180
10666
422099
96556
398110
151709
789239
243890
605342
194354
502571
50309
513335
138417
537546
290966
75401
460581
388072
537937
531753
668448
685791
266591
766960
655926
541298
133187
67879
717525
413059
307020
73591
361608
320645
530578
44336
710808
219634
165343
185972
596527
583548
752854
73619
359672
411335
236863
54466
316776
344575
561005
293640
110243
483797
402103
796460
712634
322961
364038
568982
109797
187774
84207
390962
691090
452171
574593
600359
511595
600512
692002
575323
655570
661902
764117
769766
44903
479979
108448
456261
633253
338791
113029
380618
241315
288809
578379
409923
529353
593988
391154
680862
522956
287670
194996
116971
530728
356139
473246
784205
137071
496008
596273
402027
332383
495180
87511
9546
129049
437279
174197
494913
469030
124217
374697
318753
643354
553224
469480
791871
607676
784707
346094
397846
232450
289178
624081
539153
663151
480089
620606
685570
218572
445116
377243
339113
424746
241771
49864
450923
497706
35979
485638
436513
455150
73687
251868
76944
648798
42767
643773
598969
334237
177099
160663
205792
287481
782285
806437
94102
395327
201381
573825
590461
409076
268631
74339
132947
13331
317934
516918
77987
149142
547729
265914
489865
60962
203152
609295
810060
513902
549357
408686
572132
25515
634874
390328
173098
310332
630206
631706
22584
193739
303685
521888
745530
220997
351804
218590
443165
124758
292464
66777
708547
371073
706741
779602
696141
802656
710409
760828
316459
783741
464632
233028
472832
348802
589685
340625
589398
806462
276719
310996
91565
27448
291156
244560
184718
609218
223648
271141
202080
316126
69802
405396
400957
740797
771445
710979
316567
239665
171743
440824
801081
673703
718846
142373
75624
675283
510151
669863
397157
388752
336948
488117
374126
377423
717182
197725
408067
142249
528267
554362
742454
454717
541212
632694
808685
246043
463250
712265
584443
556839
214478
374441
357307
263626
220194
83729
487922
158713
508609
649214
337456
709990
471287
49848
201887
58716
296970
375132
170034
394481
333762
359581
90872
654602
286647
261429
364877
736236
168654
493636
819149
371018
149959
568187
241488
425885
747679
565261
216517
286322
590963
147977
396548
157540
133366
790338
662093
256949
278144
262231
182724
223051
530868
286509
409586
201430
363892
558757
449118
750442
562393
100874
266486
196322
556948
613781
374814
715214
244453
633881
544376
309377
535044
107254
551498
573571
656615
507272
290234
506908
338568
72037
231094
267986
357394
641147
221427
513709
361235
391838
360980
304963
236108
586905
450619
301908
385226
664053
804817
124895
639746
422480
688555
798841
405360
205847
817111
668035
810790
116073
177150
24969
213195
77470
347029
507803
801159
512838
260329
139124
539679
142450
623459
239251
752591
164413
635023
271162
650316
700138
785518
188399
774500
604063
629799
122724
113680
183767
394847
409260
712256
606477
185951
41139
163332
178774
38934
110069
162952
451952
786731
621623
88534
631802
495265
661955
697360
332080
639480
676325
449394
282496
456051
703946
100109
710750
486532
102671
283288
475152
530136
278791
122134
202297
78357
734325
737642
667269
575262
183284
202344
616495
451046
735330
732685
349641
463845
511538
347776
266229
703530
336269
751628
453078
639208
61191
517954
810783
40380
239419
629075
455170
759890
564530
649581
827172
192265
237210
506962
759905
605924
756375
702762
108751
378097
355235
753959
375283
801331
265654
497330
407037
535740
228808
516754
825961
32767
280777
87650
191542
80885
167154
621187
328628
383508
36558
763739
653173
56370
207173
446521
542144
491515
463205
152920
360153
480734
647052
64851
336533
6700
293633
533262
493458
505644
629209
705866
263693
708326
465007
271606
311945
330259
473020
511576
107857
297774
752025
794079
580642
150438
590626
398696
263550
493639
516212
355813
202839
394756
580885
48047
648306
210953
250564
481632
230597
816420
728036
750121
513695
3370
555372
144211
237393
378033
254839
443895
804883
145555
531370
339347
120129
262255
753902
322852
408798
421763
460306
308002
302110
427306
124832
148353
365694
624662
110497
605083
219734
12619
304560
406436
372332
23609
406194
283010
494571
109374
312664
114320
290948
392996
483885
46953
148912
433796
241840
428194
635580
696606
242136
694173
358610
694791
645686
274148
30668
254185
354569
309256
492713
132121
784593
164651
221711
277193
552473
705382
626966
192312
82385
505602
448019
95511
775469
597232
773383
173181
579500
635879
732740
206488
735652
782350
733331
482814
545612
733203
163016
730451
262613
805509
442819
335618
512294
203205
695288
117659
740417
304464
820989
466758
721691
577788
802956
172663
307775
80872
330517
286216
255977
138307
755050
488461
575765
93313
390812
232124
155704
491227
402090
248293
797844
677874
827783
166916
769678
330553
101611
410698
441845
455295
223018
507611
465720
444026
363433
411456
581060
151713
227772
128045
49937
597779
49778
571510
171296
313048
373429
160216
181638
258763
207354
771298
659724
160460
413158
261459
796308
729060
114576
399981
367096
334865
477871
493677
604668
177084
283191
454299
809686
536509
43620
209147
209703
315519
305116
293789
500420
522922
340441
276924
414085
323266
312559
461691
788936
450777
393723
72521
661720
502137
527827
225928
50962
245359
68801
404679
140751
599536
453397
84725
544316
699873
730189
19433
448177
114064
464252
147352
321537
587243
22832
778267
319610
50817
626000
425076
276934
663915
4690
163179
644717
499837
739334
592872
611315
266140
541754
529100
104539
828378
127850
16570
288371
701880
802924
579076
165410
833835
160207
740659
560965
629652
112003
584997
499730
777587
392355
172849
412475
33166
350949
62543
669725
478377
100418
331031
134044
586227
759059
572665
381944
271003
4538
369422
7418
368620
832804
795513
96664
114624
699447
390468
265833
717725
800298
693286
34019
348112
831095
749340
168958
27884
838746
235290
182171
79143
728057
554301
659829
421039
464298
767351
80699
57165
238603
390751
530188
330779
644186
299737
681770
713097
458292
215610
624314
804862
772059
126462
1678
624169
420087
594996
808352
181682
842325
785101
733098
340965
778928
547464
645069
652842
605036
437815
654463
10100
215252
474141
288936
226652
167985
254524
277179
743657
438157
770342
344000
556691
31200
349100
609976
733338
268175
768816
350641
285197
333759
149002
275603
237264
516812
228283
364044
475543
207646
290888
188875
272143
225571
67258
739556
128209
795731
482376
742210
362604
15864
665099
577631
419794
368552
463270
366610
395540
116785
689591
487471
764287
325005
77164
66723
143597
237447
525066
266645
625555
488015
369320
507399
181216
8308
687794
431662
288656
158695
800331
580261
381309
719757
305796
358096
575835
174950
19001
562947
624130
724347
364980
58916
659870
402916
77954
593998
105288
329611
705170
373584
830997
680266
142028
450409
639768
637038
216592
543308
354217
459478
177006
130532
664113
274064
304684
736668
713069
834925
449981
201302
219209
380855
719831
840820
607733
273410
733384
397384
328754
456164
648361
251811
45822
123546
597001
830551
342152
204167
205890
165749
242966
559275
257716
539165
160861
52988
594563
215633
116286
608204
493000
185204
451942
836398
543537
502949
185268
687669
444154
186161
570794
308220
623186
109265
108036
490853
103396
790867
187619
531702
144473
660542
652728
640775
410215
398699
793043
8954
795628
718979
828922
322850
753895
138349
487609
154895
276546
10328
77086
339337
259055
321252
613769
56350
467190
489420
165482
207918
498694
84600
622778
615503
320499
292263
438151
393946
800956
39632
125438
833609
582184
68223
820957
570462
341072
789550
452010
301327
635576
809958
292094
282527
607934
30925
510476
823054
175265
508608
225290
327245
802250
144539
10506
460056
223450
179805
189335
353239
745499
686216
435534
540172
276580
34267
758245
604501
130617
167030
663249
704257
275269
749557
788972
657264
550550
814562
494334
133057
586807
417658
371745
648230
754411
564030
582266
109655
705927
296796
306297
219604
438582
512539
539089
253299
608787
784508
812825
404108
102714
83162
587171
479042
268836
406566
447943
394463
587585
406872
740633
730077
521957
747111
608425
259896
138998
434479
734982
160621
281527
813157
182803
67197
694510
621395
149836
842713
733401
30690
649339
416375
533846
720663
721124
709668
463558
431105
656687
846557
353062
828101
824120
535147
594103
47456
216807
385364
257928
352232
198005
743268
532351
700595
260897
11066
314667
350812
742931
821711
572630
26467
78665
564616
24765
483160
235509
767267
399608
255253
445127
749763
164669
126178
26014
426792
843254
831367
724799
392081
79186
789138
830758
222681
463941
540149
620123
1707
444909
392615
779104
31826
514885
580654
742032
692182
461255
798014
571859
51646
367120
669347
599376
321778
271526
645752
462459
199677
67121
574394
557572
454623
453144
649955
310872
83492
87941
503781
722601
246913
588914
622506
554015
229285
112426
41830
757835
49204
73034
202038
288487
94494
134658
440792
702599
226990
96500
764600
476621
514125
91364
211988
260739
430773
579409
805442
698867
160521
631837
245345
525584
431518
145184
721520
275020
666602
368955
531143
614812
746051
792803
842734
321494
836042
153927
292495
22556
545597
162782
283897
767705
692975
226972
270259
692774
306499
189886
330885
184853
142113
393245
850871
128760
461727
477108
769718
121250
752654
368835
678830
232280
366729
79019
365362
206798
664540
394021
45402
500843
187825
118476
171992
613379
62819
239800
836589
130046
285550
437414
751734
573710
73388
206404
145152
20839
695305
393036
79733
805986
219028
34496
187297
412496
595863
811225
549629
16382
548344
248786
259512
124009
780184
665869
497288
641391
143647
137458
65307
192869
93212
401804
525427
5995
844222
853112
672529
336995
190734
612845
538313
182589
513882
289689
631455
223850
45420
450846
121689
414290
116680
160618
812589
701280
542034
802369
282862
244368
154630
64186
189364
703780
433100
801210
358364
818269
310414
816634
846250
635714
646705
462635
683623
764431
160133
265942
500963
735313
3504
808592
565857
705520
715141
290827
218381
144646
206576
385139
627772
526637
430375
439298
712941
693635
711951
245549
368560
814750
428874
722937
452963
697198
495445
629130
791062
628915
741315
758103
435867
764590
290525
485122
219567
152555
214388
100356
166089
636898
499821
439034
24037
659987
404964
689228
575228
353265
692940
758701
249800
302979
798294
458264
733048
766409
749363
613861
143829
333635
567949
316760
509009
805274
571656
536533
366573
535932
531476
451995
324449
41954
394574
606534
571757
616796
256455
745274
700633
475199
701244
736139
200639
637142
458214
170996
761876
269432
2710
17971
235452
797760
201448
857286
824328
136614
683790
467495
77458
854155
11065
145327
464028
644470
636621
131485
428210
347251
240034
592707
280361
284506
102845
129364
535130
532579
221818
557295
302337
233
864324
21264
328955
475213
130030
56288
412294
393464
190375
390178
156966
595677
301128
318976
742059
62677
2836
233338
583105
687590
268983
706805
796467
793062
834683
229413
459782
764091
70419
375073
395891
51329
500657
551871
282850
657690
415829
268741
235098
417596
549869
754748
631569
815429
560357
101822
362288
31736
189783
6664
589943
276679
848246
653241
338421
17666
628714
643374
509294
477037
294407
364474
51290
860612
484420
796119
529726
644573
531479
574414
524062
463546
866505
195560
166745
55651
625886
631389
255516
39893
839848
6170
383606
573794
715246
175783
491168
505210
173555
731858
430800
440951
10498
784027
490277
262121
854221
796203
293958
182380
845930
30951
515279
451922
754956
452483
776534
191365
236095
75809
309622
860944
231205
92088
160369
358523
177234
252025
311235
809539
714493
531969
34590
532009
402633
417342
481109
69839
78008
864768
297448
459628
480157
610267
127097
616387
216297
289912
449954
530721
622694
679320
513315
327111
311009
476042
362393
24891
351161
15103
371124
462939
875314
89619
748345
875244
23750
395643
569008
736247
580983
374504
367943
207555
862401
544403
169239
56857
501318
495571
57345
246774
869835
605702
113547
729376
819371
757360
856887
565094
709407
218108
871169
4435
187213
120485
56361
678399
258834
119860
623429
333462
697518
735453
400943
621828
416984
512458
839074
819324
658117
301341
698579
459415
881576
528889
467062
236467
518317
729694
2119
503654
813418
499650
130086
435250
6745
20907
428417
855140
652053
192512
465196
889637
516614
251268
420945
101781
144235
511629
687500
638629
154011
93991
390766
40674
553272
825470
219120
283863
474199
88947
414186
9712
421319
263752
450097
34111
551726
558334
388020
742832
449175
70525
829397
89240
300882
737682
287101
709634
187939
806865
592206
332036
618212
81065
162153
427640
27215
289010
761606
475934
760966
89420
207958
350612
125552
822494
381251
694058
445258
696668
397764
358711
30542
584591
638507
108025
493693
547644
854914
191962
92164
763525
778553
263396
682407
437293
743244
46409
340488
36304
539499
44022
609539
738688
579521
846556
450156
820592
854522
54207
604026
432407
293399
153541
248582
137822
395462
457516
646114
85843
133141
589744
204382
648486
400226
105421
873310
816582
882903
92566
214947
775333
814175
177299
409657
319691
207548
120126
545447
894401
138327
540160
9072
245997
260533
156499
572739
565458
119227
596140
116607
731554
608539
445246
36077
638323
585365
409670
683196
844004
668131
230165
623365
95352
476479
644520
425421
304130
315468
472301
71073
321773
646240
366034
694283
15554
813658
135346
893063
175505
351035
323674
524962
578175
449259
897894
654530
41509
417511
581735
809801
385206
356836
80021
208452
104674
890349
95218
416519
55753
841140
391168
158837
151722
643548
262242
619323
713114
187740
447427
187368
723126
865981
68394
904935
468069
164826
492889
717554
771265
727112
559016
510771
812487
153748
372841
224211
368893
646204
904512
70287
514096
799324
728853
358465
104105
113465
58475
772572
726691
359672
261985
420937
355133
97891
510693
743324
29381
788235
435035
413618
909494
614455
379612
175268
598242
65608
824736
232029
430707
338800
353084
405674
562888
905590
812303
367254
260703
472069
219532
499309
275971
697663
675443
232867
452556
106575
702248
736494
677460
264300
643495
395603
184209
776995
471534
520982
726668
505278
623268
742641
300175
274940
414799
561614
305187
828801
345029
447847
256939
680026
783647
621179
347511
333164
699090
511654
108838
907869
679495
431482
73827
104398
424043
239763
436128
527409
375340
173226
701301
898118
556353
345611
87965
43365
845215
516010
440962
556328
628797
749995
221991
41679
785019
654012
540357
417314
212797
4438
311018
648741
390651
635721
13599
279302
215994
556026
284482
653967
18101
437572
398614
25372
193538
100044
429579
214841
242212
689825
916872
849182
500102
695602
531320
389643
802223
743706
125009
276262
569461
19456
360772
151049
314588
431367
719953
9909
250872
12071
625532
368067
576940
102834
400344
477601
768539
542539
290579
651330
771896
236494
345883
346987
21966
313306
501718
95187
474561
183169
729021
844287
892485
259227
51051
814890
686783
497890
184592
200406
914280
73148
797383
210763
301171
502893
620011
794533
245925
824685
351750
597937
257585
115480
806826
23896
203412
612980
222579
819451
782763
182663
702629
95557
892639
602436
261166
673845
71952
260092
913547
627190
402750
743959
407995
713991
369313
404885
157385
562403
418033
263711
820637
918104
119382
483364
61185
926513
670392
458612
222621
805060
219872
426819
794046
101472
818125
654257
189798
48825
350092
187999
59407
617999
459181
171107
504941
367000
740043
263425
332913
384476
4601
498707
665676
639013
11966
674805
300632
575784
127700
566559
702821
840559
887908
781460
104682
647175
349319
141252
585236
815516
915585
793838
899617
336827
602995
455199
839567
703891
233345
442652
216755
230536
43441
935722
111209
41466
589651
725353
273561
616756
907990
466541
417354
94289
239687
854330
576462
107625
18569
708062
387056
248512
773339
179351
772256
123185
475425
312273
707118
304879
88523
896141
923721
201733
775550
48210
43227
208379
574167
454318
472148
40183
423576
208490
233645
315996
710968
127206
231488
107503
392442
66144
255489
826879
434062
520344
419595
195193
30388
635210
646122
291825
77908
23144
809926
360
478779
375852
493731
813718
384813
521669
205298
46852
307416
382185
456047
734154
222459
569380
657487
242248
930659
935179
699884
658319
553853
127302
736264
797188
329149
128912
775854
152180
849915
292775
41414
206513
281754
63102
121714
21976
25113
754611
92947
916986
596701
654717
813451
317850
817556
823730
403447
148265
520202
902295
821642
405723
353067
209662
59879
31270
203141
436977
881954
334990
17175
932990
256919
71838
693219
305897
447044
133604
233146
846199
316064
327607
316596
451522
528888
879018
390661
642329
434359
216853
932850
538602
619815
354980
28856
399566
455226
303914
7597
357102
518293
243223
718860
735773
406812
919
516172
483386
47651
336785
867683
583681
528036
866646
807035
543404
275764
750802
701326
907664
372439
936471
316848
322549
747485
388843
112426
478060
209903
559820
401462
471308
250043
791554
358051
399286
307354
791830
317375
702341
284882
508972
280155
396983
198706
660066
615505
784297
316422
702811
224461
109645
808207
701441
920714
145633
434388
336429
83070
809198
675667
617236
300615
575932
870378
791187
119575
571237
714437
516822
90271
490727
498540
768568
303572
699227
104151
739923
59327
856600
689898
494217
887177
106260
130024
214546
929877
808015
918203
496354
245663
643566
709401
319307
642589
223014
207361
279321
414623
519701
458330
676061
468317
820624
482767
841801
643593
86867
65596
213483
232923
348044
824716
743174
865321
110015
273419
93674
156084
22900
820011
19497
87046
554000
29105
89691
842630
276261
135740
931733
416684
535830
624071
643115
702665
629102
577990
471824
678967
321864
851722
602200
184802
900405
489863
892859
404447
220239
680612
465248
653185
76725
738608
377667
33348
296509
159709
172821
717845
824492
197048
421354
713247
827948
751016
629123
830340
220156
855684
372132
585759
262909
224041
418392
789184
189103
561707
513727
699049
225004
488386
199106
406033
916412
589580
793108
509941
352795
592251
353742
171784
673608
318869
519305
719061
254014
636875
454323
122513
551597
698127
737711
121975
726573
922700
460814
474031
761160
44554
694907
1202
643567
351613
218148
833796
946312
731412
293404
567815
446517
326668
650225
796928
509811
767948
444673
258069
448740
432193
462972
425456
21206
430041
634273
867543
674353
506014
151992
432838
435957
866808
685755
244135
910611
820721
1359
450410
230196
482283
662676
235660
445405
285631
306789
701358
325309
363690
734159
694277
361947
300878
331341
314522
70332
570636
787362
604587
788801
701465
475619
161871
941248
613783
298021
276501
416136
390472
449619
665855
946263
57522
575009
489498
593421
66159
853631
552716
569478
687892
803364
402336
936662
407872
552718
206076
829669
37619
218678
584534
552173
192951
916693
926639
812927
540446
748556
217799
628796
372677
509569
90300
266151
559333
467938
291327
84451
188486
485047
614147
146870
490567
483809
42040
924285
69793
590026
906118
687129
583329
911415
174153
935334
692113
200601
308434
148644
812788
827058
816231
220399
230765
534066
670952
378429
639091
113552
69439
793130
552375
144348
134981
580920
492612
226900
92701
105186
62917
534628
344601
955221
496764
477117
699648
831178
356073
205818
564370
62318
506849
491433
167560
658738
222861
960112
555552
554078
764096
912313
410055
161711
118278
644185
837801
131528
700056
745577
498767
776935
148263
2206
84656
15628
903589
556060
150686
559969
301492
591948
578962
542080
366015
7040
625617
22043
141406
876429
176271
884621
809204
158265
172777
414748
697895
938370
759683
849659
617303
936670
928891
924846
288253
849231
274520
144316
227508
522186
346992
656627
372328
166694
817611
774604
575760
482951
722034
636695
820100
522799
252663
472725
552933
830430
91480
15411
616960
932187
187307
148371
484986
659074
611605
145166
584298
385430
240352
138327
963948
448816
695439
534019
235337
805726
472181
707894
937614
620452
414851
924803
801881
641970
658547
530497
228462
83026
807697
253665
831089
441845
863476
580478
86093
308277
447128
130424
163350
638155
764497
476689
938382
802589
280806
159394
128605
968572
56064
482566
660427
807699
524480
665662
471844
929087
740928
92327
23473
963295
585196
393570
641403
509276
866938
123031
366654
565980
134657
703001
303928
491920
273005
300274
303570
256690
691532
961005
669388
282259
620580
120099
243438
957166
359884
706977
751805
611347
759483
682850
856497
750324
499738
531336
100156
408536
446244
919913
754998
93642
295716
93508
154047
245073
43387
493776
28458
814411
698668
472066
900604
3809
436312
744203
554839
823985
374010
706075
17763
289454
798937
570892
294212
754221
671163
159517
484562
917544
78347
824931
265558
689224
460255
362741
227844
25471
701694
207318
469542
83778
157802
53554
155884
802893
488589
758132
638666
729904
253133
363970
664105
253955
156969
637826
270195
792826
655430
965550
748337
855599
160995
687422
65671
354743
605055
528168
951065
489346
24629
513278
225868
746353
920241
465191
60989
356919
976243
239630
762307
826863
364950
980385
107370
419390
959832
335471
436602
60019
617270
223416
324851
356571
32682
351654
884134
522762
342813
81279
68452
819600
784031
667433
600718
174905
812420
924918
390863
382906
430845
918218
862152
525786
919981
765272
537175
55290
854124
460923
304892
826929
13388
64461
803981
970221
177354
182342
109593
603969
477242
809828
160123
198159
877115
128064
238268
560981
769231
466510
759718
764876
935235
309463
767411
187728
435781
988011
404340
361204
116083
742489
746886
815067
196109
814272
905886
912746
409093
499182
926970
326355
562469
891308
497029
87526
511044
655770
43267
169383
579160
853807
393566
671038
235627
591988
625574
40448
343974
968594
139823
819499
780984
497121
759175
836554
901587
658841
825468
74633
341760
9784
402183
620917
551426
423563
142253
897653
943218
231775
79682
254342
557472
223054
286502
398632
423201
210679
62699
140476
374834
907506
740793
402756
843157
687489
799372
85864
116812
680054
990189
442088
688234
100220
335042
715047
168455
620198
309248
549106
514853
468430
353015
449858
271392
517263
931871
8702
742518
423475
247684
847902
995533
474432
401204
757963
472614
228654
654753
427027
719248
282919
70624
728824
365152
734641
590226
257170
935329
843212
95503
662585
628351
621164
634388
241992
995462
983917
60195
204135
679279
800676
785754
669563
917057
124596
935666
582733
906991
624460
193049
936394
670520
430422
746178
804978
106102
159546
855386
45044
969955
579098
397581
499157
820759
439835
431783
880715
331665
86232
750800
542010
1004630
410646
279854
592871
334906
318660
821285
545483
538330
861032
892219
278890
750564
844601
711805
515251
25191
498351
74191
85545
744058
780044
962025
115456
268222
125879
239936
755856
999009
210712
489368
321794
987515
149651
484736
377650
601178
319431
559123
754612
377628
977433
20116
24050
988362
518854
885871
517401
679465
408119
655546
797402
126859
993788
650187
355186
203428
909402
705249
460260
114829
553992
640249
912126
954250
217121
933134
950313
413581
720475
717089
517197
5800
667366
313735
559507
343638
357832
255536
1012973
747989
957799
418498
642317
512975
536198
143420
812162
942178
647926
821441
1016972
522593
505475
793960
390076
83877
836177
312872
1009300
704708
486414
265016
706392
156745
343202
35249
291155
124208
161559
179509
162215
18789
837617
811030
420893
414026
333980
325572
653340
539770
454851
414352
982130
345632
113467
575122
781478
527680
99542
102977
936395
10897
28035
732573
701585
593375
652704
692948
63291
674378
617955
204212
497757
32169
123815
749441
377382
228180
29155
575947
488903
969930
224025
529606
414400
304362
204879
730116
991277
626138
31286
900729
199071
646372
875687
951431
127676
989283
519933
418972
441394
625249
816565
387909
939382
573176
628701
1018669
122727
982228
29226
554649
385487
739635
17805
314196
169200
486142
793705
834948
596363
211559
812494
865599
74440
320996
467169
806395
524916
398769
1014771
963405
823033
264402
127095
182910
11561
119157
25008
307126
1020586
960312
833617
23611
900423
858762
443108
531163
377901
686816
588456
170282
272780
858580
115226
945275
635608
112560
1004523
870698
691404
526081
289706
594450
498079
769472
599523
589270
943654
893909
755522
1361
824290
789265
200309
209443
506252
827957
600161
625869
793080
668541
676679
65953
948098
727307
587202
532698
908601
114887
682792
166988
724253
185362
713838
981096
683937
332617
942829
143977
303535
255723
226588
884725
312833
554259
1005659
425610
784826
931179
521654
684451
811553
349933
457626
85880
875989
570123
