33 15263
5058
5282
15740
12385
8735
17278
25761
874
14345
17349
6118
10623
4194
3650
16803
21580
18662
13997
28018
27593
13726
19311
2457
3252
21613
20217
12585
20212
21749
27883
6838
3922
22792
8386
19135
24603
28603
3695
11326
15764
26070
1761
5908
2655
26771
15421
16618
6663
25124
26875
26992
26258
4046
12742
27921
26918
153
994
19649
10377
7864
22467
26645
17601
8842
25232
4917
12267
2897
26942
17375
7783
7769
12382
11001
26981
25787
15802
27087
1199
3708
27947
24411
9737
6399
11659
19427
28313
18756
5637
10195
6394
13008
23805
9254
18786
10914
18635
1520
13979
10779
18366
266
14586
7180
778
23274
13879
20141
13354
8992
6734
4680
22633
5011
21934
14828
15571
4405
27961
22340
18286
20141
19743
17328
2438
15920
25082
8092
27632
16265
17327
8686
4995
16728
11491
11159
1316
25507
8014
24776
16661
12312
14298
20053
26435
11988
25778
11020
17286
10635
24190
1001
6193
27634
3076
6118
5396
2916
5522
11546
7399
26663
20804
22314
14817
16643
13919
24928
11061
21410
9890
28254
17762
25791
11734
12052
18347
15690
27718
26382
3928
27771
7646
25671
1004
8334
5758
10237
26760
25290
17194
19303
8101
6591
17785
22497
1772
129
6186
15315
17859
6932
4224
5666
25928
16193
14481
2106
15535
22289
25637
11441
20620
15654
16431
2160
19912
21709
18482
24871
15144
17825
27721
11184
289
3973
12047
4004
7624
3851
4065
3130
8980
413
22350
7561
1522
21540
25285
7775
8095
14873
25314
26056
15503
19058
12520
26346
7926
6752
13911
252
13485
9831
23024
21656
21402
21315
25239
17021
9490
22751
24885
15780
6273
3794
8896
13667
6575
16519
17822
19224
17575
1823
7509
10322
59
4944
14842
2201
10536
2199
4669
5345
14066
18739
1796
1728
6007
6027
17099
23899
2690
7280
15630
8074
16531
26379
17091
8219
1590
4444
14001
11846
20481
11964
21397
15585
13459
19982
23316
10396
27105
20060
652
24506
23724
22794
9296
25370
13135
27861
18721
985
13923
1433
23085
10200
15550
8801
23463
24809
13238
419
16488
13956
21431
19886
2252
26608
12972
16343
24163
16404
21944
14356
13167
25985
24897
19629
3877
18140
4902
3462
27878
10712
27373
15093
3017
14560
26445
6115
11168
7232
13092
17327
26886
24161
26270
14824
24071
3275
594
11129
9314
13257
11496
26822
13946
1533
26091
17965
7626
13172
13072
19972
28180
25168
6975
4670
19606
25993
14578
16473
8532
24978
10529
1355
23095
21311
4373
19089
18456
12400
15489
975
24738
8437
13152
20917
12868
25290
15251
5821
16677
19968
15284
19877
626
17691
10207
10481
26303
2358
18754
2811
7028
7132
9154
6071
14473
19545
11536
27796
2481
11698
13564
23831
17264
13561
5303
6274
13062
23537
3298
1272
27233
20715
27847
21923
20811
17985
14429
8830
5177
8030
20277
10047
27276
22631
4244
21358
486
11612
643
16615
12150
1491
7914
27076
28154
16234
1439
1810
15287
4173
24437
20314
22915
28391
16574
10964
17581
13191
374
13303
15381
25740
6552
3501
12889
12052
9581
7949
859
1492
14780
20143
22201
5642
2900
24770
19900
76
25598
23819
26829
18056
8004
25251
8892
2973
8699
3919
17791
27167
25096
23621
5782
14223
26934
16807
14390
27083
19568
2782
12070
25550
6914
13325
27268
8646
10389
19342
12911
21970
23533
1168
5975
6455
12948
26435
23681
7768
27557
23152
13281
10261
19160
18083
19294
18732
4982
6001
25669
13626
21832
25642
5216
19278
10159
9165
18018
18260
12690
8834
2981
24059
23466
9955
12161
13946
9895
10028
7244
10805
16144
22897
9092
365
16622
21170
27649
304
14970
21010
22514
12851
2986
17797
10008
6331
11247
5232
10250
13972
7143
23231
5091
4901
2208
21509
11039
22124
6867
3768
6438
7953
3621
28171
18436
16361
13671
21482
27787
24740
28056
18784
22065
20744
5532
9014
14418
17339
5598
24450
26831
20621
7809
28499
5442
16306
6976
13412
25202
5118
22274
3040
20355
9434
23124
20089
26098
27691
22262
10018
23517
4231
3795
11316
15301
14589
4401
24803
17369
13179
8357
12564
7697
15733
22612
15888
19530
23366
20212
24709
25761
6863
10044
19234
26382
25477
18615
28426
18240
9044
15846
3011
25926
6027
24316
19216
25749
15422
16096
20209
12704
27229
14413
27631
6873
10670
12684
4404
3290
13943
9750
28197
8354
19258
15295
13155
20416
21757
3572
26339
25851
15827
23547
20108
21374
8554
27770
226
6411
28039
9381
25798
11091
5649
6334
17368
27590
24265
11845
13735
20292
18659
22866
24098
2923
28461
6559
18820
17523
25337
19705
887
24419
23512
16453
23905
12959
11841
27894
23763
24345
14835
27176
19997
5117
28386
20016
10916
11947
26989
23941
16456
5705
26106
27879
23151
9059
13701
24356
22306
6392
5777
853
18444
880
6174
10515
16272
36
8246
22950
10526
18055
10533
12595
12957
5064
23267
14390
1013
28430
23083
7131
17918
18454
23752
6278
21222
16572
19526
5487
27888
5312
28579
5195
10984
22191
6365
4414
28013
8133
261
7200
18547
15568
23978
23415
1837
13479
7753
16199
15543
8956
7866
27895
19284
24513
10748
17549
14477
9977
2377
3742
6989
16881
2803
23998
28021
24663
23472
7373
26113
16120
24804
5492
9782
27103
25161
19520
5084
18102
26829
4497
26570
9942
7052
7217
8501
16824
130
27559
5591
9941
4897
16091
3598
1849
10101
919
6129
19907
18592
3419
27670
11019
20784
467
25095
28318
304
23985
23762
9782
9075
27653
1920
13215
2414
16452
3796
567
24980
898
10056
9485
27087
20631
14439
23102
5174
3108
5746
28415
25976
15517
8097
17468
22578
4861
12122
24151
25266
25948
4686
10069
12056
16528
1842
12375
12034
13047
16139
15469
12788
24539
1535
4649
22383
16051
21943
28164
25359
22213
16719
25276
1531
17775
24929
4151
16517
13986
7902
2052
18530
1375
9967
740
20284
7544
1640
2891
23001
26413
7533
4782
8641
21319
25685
7060
22408
10168
15180
26991
12918
15507
8566
5365
22740
27966
6039
11805
23150
18809
20657
8405
16339
15014
1275
2547
27468
17215
11557
3715
9392
13740
25437
7656
8529
11429
12295
5256
1006
1726
5513
641
4528
14832
16143
22392
9972
10171
11834
13398
11680
8088
68
13020
9558
25996
24415
14400
12476
24251
19892
24277
4099
9579
7613
4380
681
19856
9144
7825
28072
20302
11895
27916
28044
4299
3445
14891
5763
18690
1302
12086
26422
12574
7775
26141
17569
9601
1705
20294
13138
2347
223
24900
19842
12699
15838
21906
24885
22155
3268
27156
1739
27195
8632
27372
24306
8120
24460
16792
26355
15099
13336
1284
3039
19049
16584
1547
5370
12803
20718
11744
27649
16825
4110
21048
20707
21869
28678
27672
4429
12346
28551
14797
9643
19049
28739
24830
2546
24498
25517
4066
14664
617
3381
10426
23265
19861
15431
10270
17570
23912
12650
24392
19708
10334
25074
19894
6145
22286
3143
11669
997
6208
7879
25662
25696
9457
21612
4570
11017
10036
21257
20807
4175
2482
1543
2696
11335
6434
24312
11350
6707
8710
4527
1345
24481
8314
5068
21118
22367
7933
13465
22617
3476
21711
26649
19462
2423
18495
4599
7716
21703
17242
17914
27108
13551
24795
8454
8974
20894
8895
22553
16495
16953
13081
2728
7454
2087
21182
28268
10652
22431
14228
9557
15252
5424
15165
4930
7803
28166
4287
4853
22315
10502
14479
1879
21776
23885
13060
5088
27697
8617
4382
24800
13985
17
4178
18330
8562
24201
11317
16893
25059
21135
20158
18972
18137
10030
1164
27894
17845
17491
4519
270
2546
9602
14400
25931
21228
9198
19131
10101
1744
11482
26793
14684
11686
25676
26263
10918
12071
99
14728
6111
6790
11690
9939
23280
10616
14670
23124
7257
14922
28430
24725
13404
24595
21366
14754
15105
28736
26345
22276
1481
19326
20872
4405
27387
7137
7088
4341
4444
9221
18701
22336
25279
27565
8183
13349
9847
1628
5490
4491
7022
5982
5464
1799
2345
2068
1459
1263
6722
16202
7099
16578
9030
5076
20599
15687
25986
992
16133
14191
21872
11547
28190
18003
21190
16061
5634
18247
16661
20081
15517
19684
2408
7184
21094
8541
10903
312
10078
18495
5993
8110
18922
1835
1602
12815
10992
21481
17954
262
8606
7222
4407
19583
14187
17645
20713
8717
19439
614
15416
18447
11486
10020
6855
6939
25941
13273
27456
16130
7161
9942
9541
23985
24818
23623
5360
11227
187
22138
12943
15206
27951
13288
1065
6610
12670
20539
25669
14892
12247
3019
25156
8783
20277
8116
187
13878
16733
8272
6611
9563
25801
16105
11725
27210
12948
11238
7369
24568
21491
25369
5927
25237
9668
2066
24102
14876
4794
1329
20451
20491
9557
9051
17618
22458
1676
6347
18690
459
16375
21810
9172
26069
15202
4593
21035
12184
25985
26546
15678
23830
22861
20802
2089
21790
11479
2171
25016
23388
12948
14003
11786
5731
24458
2276
15808
4332
21902
945
24589
10909
28294
23246
12932
10079
5864
396
16502
309
15132
6965
20477
24820
15346
6821
12655
10544
3528
3119
20937
13927
6311
7967
25450
13222
4126
26456
28263
6502
16045
17210
19116
11914
10324
21751
8982
10010
1080
18834
19601
9016
28660
10092
11180
6123
19662
19012
3600
13502
10961
11288
5942
13249
6368
3774
27149
2354
11605
20718
11647
13701
6266
23232
19018
7253
711
3240
8108
27478
19512
6386
23529
5226
705
19959
18352
7726
20382
28125
15596
1501
23726
599
11262
3026
11834
1593
4159
9951
8842
18257
8121
27905
15520
14761
24329
11791
22296
10523
13866
23623
28412
12146
351
18320
8125
6900
18001
3017
5326
23783
16412
18917
6829
13889
16101
19737
18487
9490
2806
22157
551
5559
23871
4006
19632
26807
27644
10018
22345
26952
8138
7382
4425
6248
19461
2956
10281
9504
12759
25637
10070
8915
8509
25945
6076
20089
18730
18299
12320
26439
17681
1035
16333
28438
19260
22580
20853
22837
19592
24098
3004
12920
4578
9970
16606
22516
14187
27481
3936
27435
949
6384
16505
11755
15787
19260
21189
27226
19497
12663
9136
3653
21691
21311
25484
15868
12911
15707
27481
10138
4064
25377
1453
21643
26189
759
7652
9217
11161
16158
6723
4127
9347
7871
7780
8435
16226
15437
26167
21264
20577
13445
16236
15915
4339
21362
4313
9536
6287
4820
10796
17992
21379
12307
22474
26308
16120
1363
16557
25229
24210
8387
16460
3661
21319
19188
16507
4065
22485
20460
18493
19629
18494
21262
9918
2194
23410
20506
2807
12013
19428
4978
4803
4133
20500
4748
22516
18706
3138
22529
17810
4301
24654
8961
25214
21481
25785
12832
14393
8408
24177
20878
17695
9496
16333
24885
22240
7379
5447
6097
4774
20628
2347
26725
28627
11724
13500
27793
5767
5701
3510
8687
15465
21009
5354
11777
23628
12795
18479
17306
21915
6139
8333
21092
21593
28730
20915
5363
6615
3342
6598
13142
26179
10285
24959
14388
28708
26069
26837
10870
10448
2560
8099
20001
10582
11490
27540
19092
1029
11449
10951
9958
7568
13820
10146
21571
8782
9413
3090
14784
11905
400
26695
27737
25623
8667
3777
27924
20329
208
15234
6503
28487
1349
7313
28578
8520
9916
25747
10641
23758
16956
20872
8206
23542
13263
11460
21052
26880
4017
8041
5470
192
22312
19709
27823
23267
6360
5899
12675
28003
10224
8009
28123
26579
450
25811
11521
13470
26354
20523
12214
14834
28136
18824
12764
18484
21488
11208
6950
24714
19356
10732
8670
9293
17568
20759
266
20048
23867
5796
5007
7322
14561
1274
9770
3972
23756
3462
22850
9423
9683
3743
23986
9159
6045
24912
24808
8294
25865
9065
6803
8847
18139
3853
13043
11187
19522
23849
18781
24035
8867
26659
7566
23181
17514
21869
13439
19841
17697
26271
1260
11556
19552
19609
13920
5589
28096
18290
2410
19087
22820
28602
15060
6063
5423
19858
14512
24055
27447
27101
18058
16726
11890
25702
12652
22946
28091
11135
18288
14625
24719
27128
27268
24712
7176
12514
2096
13817
11513
13846
1456
14563
8079
18377
13409
11948
10290
3741
6661
27679
4485
18905
6900
19787
25660
762
25696
21379
1004
4029
6456
9059
7646
21970
6462
8383
23744
6261
18682
15088
9751
22930
711
26651
21223
16191
11772
11382
16350
21203
1014
12027
16059
3830
18607
22644
27218
23955
16696
21462
25557
27215
22376
18973
8677
11152
24280
7053
11418
1944
20510
13343
4617
24995
4915
24413
3689
6834
20828
16345
13984
8891
9884
8714
4055
4936
21344
28655
395
7927
12780
2956
25225
4585
25031
25936
577
6331
24740
28636
21346
25116
7143
24219
8909
3645
7711
22122
18642
2838
22023
12202
27390
4190
23215
22530
9373
12639
6986
23197
25579
695
2896
8986
28582
22766
28081
19674
5362
12918
16256
19028
27286
3945
21166
25725
4794
12132
28100
10622
27575
21646
4424
5065
22739
25102
42
9789
28562
15845
17863
7978
10419
17456
1822
28277
22779
15391
22186
28089
6351
2020
6024
11909
5180
9077
22352
18676
12933
9429
27690
19664
23218
11841
9348
24426
26001
28364
19746
24657
22406
9039
3420
19418
22905
23998
20246
9902
26594
10041
4054
11706
10430
12856
12943
2762
8655
8734
10515
11263
1952
25097
9135
21118
1849
24271
21987
24561
3444
24050
8961
12194
16928
26958
5705
15892
22379
16042
2427
19491
11877
132
26448
15892
11303
9965
22525
7726
14638
19413
27324
17478
11798
11760
17661
23159
24687
18002
23089
17441
1539
11809
12333
7373
12453
14617
26285
11884
4013
23368
8539
19198
20541
21375
21858
21026
27069
15982
2493
27637
19667
28163
27615
4503
17265
12787
12815
5061
10953
17776
20177
11616
326
5003
3472
857
8915
5913
9965
3754
4283
8312
6828
10910
13943
5701
12045
22579
8410
27182
9640
8360
20258
16243
14266
10867
17000
2642
20785
18531
6507
8064
16737
26465
20869
24229
22809
8969
8198
16378
16440
23102
21138
5700
8422
23809
17728
8913
13958
25630
4982
2514
7651
2090
19810
16219
6797
10818
24696
18686
6042
791
2278
20458
25073
18082
24926
8804
22652
20533
6475
3327
2888
4139
24315
2966
23957
7955
12897
8416
6279
12449
14423
15544
28109
28002
19457
10718
19930
12855
3764
27224
10109
6828
10607
17016
17339
6957
13332
5044
23357
22917
19077
15256
17095
18418
7209
22561
1346
22660
6144
4376
8136
8854
28370
21209
15441
26752
16207
10395
17480
4226
12820
2247
15032
20675
2095
10858
5895
26716
802
5449
17759
27892
17838
4127
20190
4759
11770
15041
7783
6969
28087
5396
18081
13650
4638
4186
2979
1310
11433
19999
14470
28353
28562
5485
20800
6381
24261
25918
4368
3226
25709
11145
2632
11297
14684
20617
10248
17731
5411
28531
5970
24833
3094
28732
20978
5945
13430
6530
23055
13229
4707
26343
21952
14838
25946
27469
112
6356
26064
8184
16546
8333
3558
27705
23688
6517
21112
3216
25312
19998
4953
6592
28702
23900
5773
12475
8560
6344
25205
3681
365
3551
14608
7134
9518
1248
20831
9487
19208
14772
12987
854
19153
12351
4790
152
13155
27090
3485
11202
752
21846
7446
15900
24140
6688
16936
10710
3897
12908
26070
163
6437
22822
6135
8282
8901
27398
6538
13546
19047
19220
430
28663
5586
22520
25378
26332
3287
19456
28530
3219
21246
2549
16366
16540
22493
13301
24597
3492
20054
11677
20542
25580
19300
16068
13682
10385
21468
16689
23064
1292
13465
7185
5165
19164
27213
26506
26100
18779
16403
19401
3402
14297
21023
6860
21130
5501
8285
26945
14702
2353
18920
3732
14973
10488
25943
18684
22101
6103
21606
2884
8191
3931
11201
1024
14638
13756
27666
23564
25103
12641
4752
18327
11535
6222
20066
11781
27878
23890
57
20878
9650
2865
15462
26598
15846
22014
19313
15098
9389
17783
260
8001
4059
23688
6358
12586
2534
1302
25636
18171
5566
13800
22275
8107
16846
15003
22700
21631
14439
24436
11091
16763
4957
6842
8887
3338
27773
7672
14862
25097
9509
2942
17836
16170
26871
27824
13868
16652
20736
1860
15007
20088
23020
13577
18110
1754
4279
20562
13016
27409
2179
17962
1043
2310
25294
492
398
16938
26965
27083
1662
18243
27984
4414
10827
16518
26905
81
27122
25862
12290
24390
2689
16223
9231
11627
20526
10824
25589
12845
14509
20983
10584
14891
24503
17960
21256
4983
15913
23245
201
24038
23315
18107
17183
7284
14411
14603
15006
27730
27787
18404
10460
17425
20795
16577
26712
4203
16443
5595
4640
2476
28479
6294
25414
19896
27778
19505
16144
8596
23883
8821
3825
1246
22619
17
11905
12464
16199
1794
9485
19219
14708
19342
215
24343
24156
7437
19066
22478
24144
11826
5315
24926
809
16233
23551
18945
24278
17879
8840
23866
27175
25815
19003
3919
20462
10335
12043
25201
8750
13401
3343
18814
16755
9585
12107
9048
13601
12297
2639
694
15384
681
22637
24532
1764
3580
27707
21774
6791
13094
25944
14137
2730
23109
17647
16654
14116
24616
450
2468
334
7337
22266
3726
11475
28724
23812
13024
22476
22948
27009
21153
12964
18855
22417
27733
11370
15344
6276
6019
2668
23682
19200
28388
23591
8509
2942
3002
1909
24916
26009
12180
22077
9539
4619
10095
6079
26644
20643
10906
28121
21702
9148
9836
10157
16345
10424
19168
25416
18619
21378
9704
5814
11019
10
320
2317
2639
26410
11013
22444
22067
20255
16219
9892
10070
27736
15771
6083
17991
19417
13400
17902
918
13423
26507
18294
8722
10745
17079
24070
12431
15422
26449
27404
16146
9993
6445
3218
22197
10759
4061
8460
28717
627
3219
19172
23359
8458
5726
18762
23083
15395
893
9770
28661
16594
20922
27793
25573
6879
28405
23594
25894
17049
24709
17464
1720
28107
21164
15381
22680
17720
19361
21245
7196
24127
943
5942
14027
28122
7816
14657
25232
14627
13753
17991
3023
5189
26940
22262
3578
25139
8364
4148
1816
11310
5675
12919
22084
5916
16127
27523
15867
12233
20067
2065
3261
7903
22483
10453
28196
10957
2052
5082
25254
25818
6585
22902
7301
15373
12909
10291
2253
22439
20469
1038
14835
5478
10903
4878
14591
4417
23150
3528
2369
12240
2445
23264
5533
5924
25604
294
19109
22938
24468
16611
8987
11109
5102
9293
9953
3831
22104
2197
2826
22572
25991
1283
21652
13015
25094
12225
397
1907
65
19859
15510
19704
11079
26635
11532
13322
20202
10821
27114
15576
7754
23055
6706
27040
17979
18030
7069
27594
11338
921
4907
22658
15285
5005
24290
15886
12377
6053
18081
16673
11935
26274
18294
12558
11922
16660
10179
22070
7693
13200
11805
19677
23237
26678
20446
8486
7017
2208
9579
25132
25636
15371
3444
5104
21955
22580
17703
8355
24637
7107
27265
12942
26759
23811
14351
25863
11209
4031
15994
2573
24380
3732
17960
27846
17473
28205
15258
20818
20628
24224
26008
19445
6040
6098
13635
11837
1461
16482
16495
13514
7740
14514
1912
5063
2074
21541
3805
19996
26784
12476
13581
9704
2870
503
11727
9526
21444
10689
20365
5425
13741
14777
276
11104
20772
16654
22545
13769
18776
9127
3417
17665
2119
18076
3699
1590
9749
10440
19867
4216
8197
16532
18531
24659
23296
25370
6779
23817
4841
10114
24988
11435
6061
11949
11701
13326
11172
23815
11267
534
18919
20790
17068
17631
11804
18655
2676
8032
15180
3680
12059
25548
5764
14983
19874
1470
10526
4000
17512
18674
17066
12898
22670
9451
22067
10414
15692
14406
14666
12442
16114
21111
10457
2935
6383
7092
19495
13583
25066
21597
11150
12619
10105
23246
1678
726
526
27707
5113
27483
17142
16057
16052
5219
3149
6744
23739
17195
9799
12379
23432
20727
8650
15837
6461
2394
8188
15304
18208
19367
4649
2375
19832
4581
26959
11400
14603
6948
10520
25341
11740
13826
19738
3371
6048
2113
19211
14005
25484
11129
21985
6554
10498
14858
17350
14478
22573
7295
10217
16927
9860
5999
1681
13652
5083
21555
10902
10042
5311
3339
4165
19978
24347
18963
5733
2834
18909
21826
791
19033
19624
8254
12467
24911
26246
5584
5828
11250
25090
20343
3912
11435
27369
9905
1653
19679
21624
25220
22883
20077
25150
14977
20802
13727
26547
22623
28500
2036
17149
17850
3601
13983
5660
23070
11853
16880
19762
23930
4785
6904
2835
6074
21384
4762
21982
18967
26107
5595
22980
4651
21865
25735
26272
13062
28428
1275
21732
17062
26101
24034
21884
20903
2818
21436
19881
6595
14225
3225
13993
6297
25697
5973
6454
17105
5839
231
4044
735
16992
7272
23272
19663
5393
2643
6693
4412
25029
21703
18356
17748
8786
15711
4490
13557
26284
21690
24450
6219
18583
8859
9119
20314
25232
22376
15336
25215
10687
14923
17397
8615
4510
20643
15974
4321
4373
23948
17768
10627
9077
27564
25879
20942
23738
19981
18465
11708
25197
4407
22549
28067
27285
22574
2057
19614
27575
10594
9828
4648
17678
13495
17129
14217
24046
9689
16525
15269
21886
16673
18698
17267
22989
25759
25669
17409
14341
22746
24782
1588
18607
3866
12918
11526
1367
5328
25840
3865
9653
23315
26998
3442
8886
3259
26842
10974
20851
24894
28301
15602
13979
17129
7088
17399
15973
5314
9827
18928
6021
8086
2172
7809
2463
9975
27238
19431
191
12012
27154
10901
18115
228
18633
3893
7420
12606
20361
14601
15718
19704
9770
13522
9573
20624
5941
751
27908
16051
20395
4774
23678
19004
16411
11318
15923
17097
18140
26221
18795
15522
19291
21875
12340
20259
12273
13386
21806
27376
17214
15146
22137
22433
163
23204
15805
10542
15704
27392
3946
14274
8782
14431
18186
17277
19230
21682
2800
1915
9278
5683
629
3834
5511
21835
514
8138
438
1405
19377
21899
19695
15767
4134
4110
26798
28340
4445
1490
10114
852
16758
8285
14950
17469
25311
20621
12731
3349
18236
13432
19440
16919
2576
13240
8486
7058
3186
19292
12058
18949
8418
22213
14542
24825
2555
13412
23201
4852
24776
5246
1802
14946
20754
19762
16963
355
25609
11667
7731
4012
21184
17368
21633
2532
7265
28028
15570
27351
15352
13900
890
25386
20431
22106
11008
21424
20268
3634
2077
10401
2683
5180
8605
16967
3730
1489
12243
9937
2620
17706
16099
24783
13850
22062
20019
10808
24800
19073
6141
25101
252
23695
20150
13754
14574
4143
8258
16563
4174
24586
19331
16435
2807
7010
28068
4102
22239
745
25588
10401
15715
4865
15091
27385
6256
18781
24313
20032
20430
20057
24765
7740
22781
24550
15985
13948
9662
9574
28294
2060
27035
15922
12610
26356
28343
17548
5013
9766
13949
23574
1401
23228
27144
8212
11131
5867
4204
10370
27865
12604
422
6775
1190
9104
28162
23208
23857
27440
24618
23283
18818
20101
1528
8709
2035
12625
18802
4844
19049
3516
11966
27693
19743
24321
4059
10907
17545
25574
2334
16719
28375
14990
11056
6034
27141
17355
19108
1303
27723
20294
20576
12477
7199
26946
15578
24243
26764
5834
1800
14478
13146
19103
4448
10373
17642
1215
7031
1122
24956
14094
8065
2731
18362
9054
18017
25361
10009
12423
6583
11167
877
10702
9428
27167
5978
20207
14008
24667
1350
11762
13124
14717
19112
3870
2123
25560
10786
4598
20485
19881
1254
7255
695
8767
19582
27332
19670
3448
8710
19571
26880
23332
5134
3191
12796
23368
1213
14204
10705
18112
24056
2270
23706
17606
18859
499
5322
19732
724
4279
22514
8724
17710
14348
23609
20628
15635
12241
17068
14793
7470
24896
21831
20805
22454
28102
5402
14944
10422
17093
8447
9644
972
10769
9045
12114
11513
21673
19299
21943
9343
14589
19780
6987
14228
15529
18361
7946
18779
12255
6485
27005
28212
25704
2043
4594
3662
27059
8985
22298
8949
8290
20417
9567
3039
14395
28436
23392
16349
11119
20314
17864
26813
18684
17039
22624
26823
22276
17095
16285
17808
23251
27851
23930
14810
9875
13122
24624
23212
21283
15082
17060
1152
16858
21212
310
10341
26139
19838
28163
418
6122
14683
18825
24272
4662
7827
19353
22367
12724
17580
4983
8271
9470
3206
11471
782
17765
9863
28490
5662
13069
10370
24049
27517
23494
11523
18565
26446
10265
11170
1289
17224
358
17038
14413
28392
23479
14197
9180
27748
18753
11802
28080
2076
20742
9418
6989
16268
2911
15670
28423
16962
21465
24404
13134
15415
2746
17410
25099
11881
9283
6512
26800
16787
3418
12983
9926
19654
7926
3031
3263
27198
19399
26528
24
12925
24313
1272
19725
3704
8437
16739
18053
19723
627
19449
17799
23712
1057
18628
1639
6136
12323
19960
18372
14834
1641
10163
697
6027
23412
20431
8019
20702
21758
5208
826
17790
496
26060
7521
10381
715
2490
9927
19902
4123
27240
1028
8501
21226
23498
20362
6065
14861
17697
23946
19599
5628
7507
14593
8526
23910
11765
7029
13608
21308
11289
21230
21756
19116
26771
2121
7583
21377
18523
7458
12431
3919
4623
8822
28034
15456
11623
24964
17456
5908
4247
25662
7534
24194
931
8936
7271
14769
4661
602
22253
4203
8589
24881
22027
15214
2603
25742
23979
6502
17069
27137
10151
8053
13937
7315
15819
5568
1385
24870
2199
5835
24825
18759
15515
27439
24848
2816
26308
25748
27635
11684
10184
14214
9393
19541
9172
12953
19291
3216
26539
20571
8922
936
22489
12677
22199
23442
15004
3995
10695
20564
24243
18424
222
25078
21164
24910
2013
9543
9963
10423
16343
28408
6597
19747
9217
24887
22908
22913
28237
6814
23443
4396
23671
16401
5936
25256
14676
22743
15013
20320
21525
28675
22673
14528
4787
15155
8431
13786
28485
11686
8209
9191
23703
25290
4494
1702
8790
2898
23902
8475
25099
21144
14593
15725
14046
6477
11552
2341
22149
14520
16629
12332
1831
22473
11397
12383
7449
26321
12682
7624
9885
19016
8600
9406
24295
11659
2087
7762
2042
25101
10423
6463
4057
26220
4393
20961
13281
10683
18686
2724
7791
7181
26309
11494
6871
23005
20873
9192
3477
19583
2165
17615
28662
6775
21797
12486
314
12956
4546
5881
15695
24225
20087
9054
18556
19951
13950
27438
20469
12009
21316
24990
8436
10795
2646
43
8453
9729
12587
28740
24953
9188
26674
2727
4127
12248
14627
11701
19709
19227
4437
17605
14217
6729
11674
15647
19807
26681
11583
7164
13868
13699
5952
23024
4876
2322
2626
19302
13621
20720
21152
21344
24728
618
27222
9670
27679
22742
3665
5705
5345
7632
1625
24554
27211
15392
26699
26715
21789
1036
13426
21189
3709
1736
12119
25020
20273
1448
11800
18232
246
4964
10537
10756
4037
2759
27661
17228
16615
25631
5058
26694
13455
22700
4655
14693
17063
27510
21687
12829
20948
1796
9553
19086
23648
18130
26825
22234
3326
28322
9135
18854
8207
16817
18238
15058
14925
7081
25205
20316
4105
2161
16312
2142
10503
26337
20998
15461
27293
25484
25366
530
13682
882
7724
24248
25632
4389
6388
22293
19462
2893
17367
9528
14109
14478
24831
10001
21155
10414
27297
7468
19393
23889
9210
23398
17538
2506
5487
18849
27638
12604
3803
7090
8552
22201
16037
14251
6290
14396
1977
10750
20832
27451
17462
12631
5757
17224
20574
1382
3359
2553
25807
11261
22788
3792
23239
4072
23501
23577
7269
18160
17582
27166
4532
16978
25054
3524
25245
14065
15600
7782
7854
2383
14651
10290
14839
25281
13207
12981
4907
6081
18931
23116
21570
16576
9838
23093
13687
20972
2506
27460
23798
21830
7446
4295
21033
25400
6221
9581
15534
24098
8826
15406
3767
11387
3497
17703
4716
27137
16026
17475
11904
16899
24803
17429
20170
13352
7856
1363
2803
4080
27639
2656
6214
28532
27319
12459
18017
9622
17660
25718
26628
26448
13884
28499
17555
551
14720
9139
13953
15461
27899
15920
4069
3406
18700
28238
8127
12869
9256
10202
2444
5953
1285
3916
10609
16163
25068
10643
3390
20608
26043
7387
12474
18271
22276
20746
4161
13308
17524
139
1371
11456
3316
1894
8351
476
24649
3859
12060
11831
15277
20757
15116
13897
2324
8953
28456
20009
15874
2450
19456
16285
12377
9650
19547
120
10590
22597
10781
25126
7100
25803
16242
5012
20490
142
12240
9170
20180
22360
19825
8071
4321
4209
20872
21913
10070
24698
20173
14957
12639
9054
12199
5985
26501
6230
16109
13889
12375
17027
9980
1225
25457
22346
9141
4828
13720
16872
4886
1978
18876
19416
17250
16027
26620
20533
15373
18293
3201
27104
7354
18519
23567
10598
18428
15227
6474
7087
6000
23291
2160
17145
14719
15226
8333
11318
1402
9252
18573
15003
25626
23622
14088
5476
838
10164
10810
3728
18441
9079
8472
9338
26883
13521
7265
1151
14599
11598
22604
5839
18257
10275
22506
5296
15741
6294
8885
17928
21689
3279
10590
23766
6952
27682
26565
21747
11430
9304
21896
16485
1363
16927
27959
12368
24447
5792
25181
5406
12190
17565
28164
2238
27919
3211
13927
27208
15006
10152
16829
16684
17882
24459
28382
19509
18145
22629
13869
24632
17937
22090
22230
26946
27484
22946
7964
13231
21976
4207
24868
18782
7955
2147
8348
19881
7489
7747
26145
6068
7860
4642
27842
16891
6703
18295
10673
18954
4389
28506
17583
18157
25891
11291
13447
26969
17291
18864
19503
6282
16602
440
17741
19210
22241
28080
4660
5786
265
16971
11077
28566
10291
605
8687
12924
24094
8820
3202
22022
4211
22295
18342
4173
10203
19740
11012
3624
11595
6055
27111
25637
16627
24270
5571
27550
7480
23402
16969
1157
5948
6887
14268
24910
28461
18075
14613
11294
4589
19736
3249
3814
3158
12030
7028
25974
27196
15658
27658
18714
14155
26037
25534
15449
8226
7670
12032
18416
26628
285
560
11749
18837
15640
19831
4749
8176
23691
24632
17524
15360
24799
27834
19220
23779
14416
22077
4072
19621
9614
28145
23456
18922
9036
13830
24925
23220
4621
28104
13324
26649
3567
11069
17042
15100
6142
12230
2265
3082
25682
205
5317
21817
9108
19814
21207
11713
9223
13674
4134
22606
10790
28530
12147
953
7156
5612
12062
221
19228
14169
16691
22916
2797
3570
4622
15192
22412
5647
24868
15500
2371
18751
7901
5239
2689
26331
25098
15971
25211
6789
5200
22222
2006
22817
5173
23364
21505
22672
27487
4680
14713
10840
192
5434
9259
12094
7490
17570
11161
14357
21084
3953
9085
23625
19974
28084
22003
2208
3309
10003
12396
11602
13630
1601
14969
23627
27920
23036
23710
19163
19372
7665
3799
6213
21703
22349
20797
22808
23284
14176
5520
9552
8517
12307
9928
19474
24264
14922
25624
9218
24039
13850
28698
2495
844
8239
25101
9989
23626
3258
2314
26468
20044
13728
10926
6567
27922
4362
19818
15051
11162
2476
22601
24893
7123
24455
3750
12364
22034
21045
22300
1076
17831
19233
5114
12057
5563
22619
2224
5491
26641
2308
13102
25515
19708
11538
8544
21012
15014
24792
19407
21775
4146
18920
13534
2329
5653
27273
12425
2541
25777
25191
26113
7827
2562
15810
5484
871
18460
14743
19604
6475
27696
11958
5971
1855
1968
17537
21147
15929
18300
3226
7343
5799
7949
13553
6089
24562
1327
10574
23979
26494
12578
17709
202
7915
1871
22033
11500
16103
21386
7675
18186
26590
14436
26095
23462
26740
15953
7372
1809
7645
408
8338
1006
6055
2404
5712
14441
21367
28343
17151
2697
11312
7414
657
400
10918
7795
3734
17801
18301
11034
1377
22744
8954
23124
21626
17689
1205
4451
24514
19244
15931
15885
7237
28157
18547
8023
28323
21482
16173
3107
19765
1360
7627
19776
25296
17953
14407
6008
4601
19179
27591
23527
22099
3101
12925
14426
8727
6070
25348
7495
16225
19219
5878
3201
21410
25341
27021
24636
27569
3949
16166
16721
27758
21294
2765
22037
18227
3588
4119
1244
10472
25867
13877
5976
25274
11533
15625
24645
28478
27825
25393
13203
9869
24148
16868
21708
810
1270
22765
22760
23125
28315
17527
26760
9321
24698
5635
16421
6422
8518
9460
25926
10097
10173
28591
24992
5781
1332
9761
15495
23669
12265
19730
20588
8099
2193
11839
4185
26466
14137
19392
20397
24814
12018
361
24247
12443
25586
12402
19685
4777
1737
9063
19081
17636
4967
15351
2656
5345
9093
25254
11382
24326
13216
7608
3149
19105
19622
7742
8184
753
2551
22437
13074
19869
25809
12897
4584
7079
3777
7526
17890
23272
10328
3043
3260
12296
6010
26763
26394
13978
19332
11015
8274
22300
17394
17554
10761
21079
19988
14740
23880
19473
16068
15974
6370
27508
1281
27312
11344
26946
6738
4947
22627
18871
9697
11048
12696
17969
4463
15628
3414
11683
6553
16781
21517
3213
22873
15882
12984
9553
17151
5905
23455
26697
7619
12595
21022
11972
22013
21
4200
14691
6174
22118
252
24893
11768
2918
14818
21600
28557
17489
7580
26222
26079
22907
18735
24797
24959
2528
25189
20847
14370
3955
15175
23055
4954
1670
9540
16323
12653
26732
711
2486
2296
13013
9775
8674
20273
11747
25650
15424
24448
2343
4800
22104
26891
4223
10966
12215
9773
17099
25432
3994
4801
21568
6123
369
9558
18317
15648
2982
23944
6529
3676
9499
22925
12403
19570
18147
840
300
14941
8460
3687
26666
10736
18173
10951
22197
10045
27352
12824
23921
839
7979
23637
21781
11027
6703
18508
3655
3543
15424
12042
10823
15299
20056
28511
19873
16406
15569
6923
17165
3517
27660
17248
13479
26049
27666
4537
23888
459
12352
643
28210
24913
25800
6386
22719
28074
14854
5046
19855
27650
5642
17059
8667
9765
11714
15331
1551
8626
9209
21022
3418
22767
14181
8380
17272
12068
22622
18739
11952
287
22854
4412
28243
3701
24156
21001
405
26406
4849
8833
23287
2233
1061
20401
25230
17920
9036
1299
7148
21503
6934
9894
2218
27687
12410
12185
8281
13645
14530
872
28525
27020
4341
16947
20190
23770
19424
23470
12130
24660
24676
13472
736
20661
12217
4839
8007
24258
15252
20232
25246
16139
1160
19455
12588
10606
4232
24410
8993
13149
24924
27689
4585
4579
14896
12714
11162
13853
2717
13357
20962
16867
4644
3609
3334
23416
26784
18518
5282
25760
15555
8802
22305
23031
13391
2781
8268
16875
15643
14194
4329
20107
22890
3788
7383
13827
9583
1702
6705
269
27230
17874
26129
15927
12693
21829
1608
10116
14747
5416
26040
12937
24795
11603
25682
21291
28574
16165
21521
13986
27862
3548
2887
12330
6981
3531
20483
13811
24602
13874
27717
11382
24697
14309
22032
27094
8329
23395
4280
23132
20330
5027
12895
1880
2921
11723
7483
13989
4114
1852
14889
21720
10681
19773
27001
18797
18248
15973
8430
23588
20657
1694
18736
1130
19298
18153
15674
12239
11967
2975
6136
25892
17743
5073
11129
3173
27299
28357
3006
17216
17718
12615
13377
17740
21641
17009
22527
7129
19737
6529
109
12115
23698
12552
15931
6876
14595
4691
23196
23944
26993
5274
23903
417
25374
1982
11993
8945
10225
15986
26004
14253
2588
13181
4486
9054
15508
4062
7748
25828
6845
27753
27902
16537
26278
28282
11305
12663
5670
18514
28102
27711
19999
7788
27585
5343
7164
16565
8991
20513
12981
2931
27287
6034
2263
25637
18174
3372
1571
24592
23026
9782
2730
5802
1317
7718
21232
25792
16936
15913
12780
16186
21795
4262
13711
16887
20492
13945
6720
20576
10921
15554
20188
8516
1374
9877
16550
5322
23957
18618
12026
4593
23213
24538
647
15491
13229
9882
10382
7470
5052
14212
24062
28448
21223
4695
21621
5622
13857
2984
5800
3854
19080
765
3546
21227
27856
22080
18502
9898
19243
5912
27234
26258
25877
8993
12399
14485
14142
6872
13052
7949
20506
22631
10835
13891
14304
20724
14604
5595
17064
17529
26522
22012
8162
7976
25528
19800
27523
4202
20279
22509
8991
18143
19610
4426
8918
22778
25050
7813
13389
26210
28471
2284
22663
10217
5485
12808
12941
6254
18804
14995
17601
4586
24263
6837
6207
22073
26793
12173
17943
10993
19993
14946
9611
8365
20352
8140
7482
2106
24617
3742
2972
5869
21284
4448
21620
3704
18925
9381
15831
17042
19934
13210
5714
20307
14293
18003
3604
8649
28630
24506
5640
10221
15214
28314
25031
23086
10967
24351
4541
28407
22248
24455
12998
18303
14023
15088
1008
23184
16373
19128
11845
22533
21379
19902
17461
26881
4032
1015
1015
14009
2619
2787
23117
20585
2719
20588
17847
16212
22034
1370
10607
16333
15359
1531
18118
152
25626
23542
10359
20776
22491
23220
19117
18948
12175
1570
14486
53
11817
20037
19742
3314
15571
10060
4957
10112
24706
1281
13238
14274
12081
16356
12920
23618
15504
8165
10359
19062
24337
5891
8361
24226
14227
12894
25459
6362
24386
12972
9604
26269
17484
1347
25011
22131
12460
22746
27533
12131
25793
15512
12328
14981
21529
11502
8099
8580
4334
15550
2726
25975
24475
856
13083
24795
16289
19526
17641
13684
8788
14902
9389
27813
20188
22556
14787
16023
20737
9069
27301
94
15436
23240
27732
23541
3980
14331
4318
5867
18683
14707
9400
11795
20389
28097
1564
24143
23161
15286
19339
3077
22065
3400
25059
6439
27515
20029
21302
10607
3415
5495
27188
10681
27211
20181
24646
7128
4785
18732
16794
9204
26871
5571
1168
1727
18210
10793
28306
8047
1941
20752
22005
4607
18051
21556
12051
14837
21531
14655
3340
5321
16624
4233
25117
13711
24362
26931
19060
4247
5299
24656
7698
23673
16979
6273
21342
20082
20213
16547
14680
22391
4748
22325
1924
4382
8597
2468
24328
2546
19554
18068
9345
23358
11142
15979
7465
10753
7380
15745
17981
2227
14846
6593
10824
22599
5516
8947
3339
12118
21726
18142
22079
11503
3802
7381
28534
6142
17663
16168
8535
25104
9480
20143
12549
9769
17343
11151
24573
16484
10751
1076
24419
21337
6627
27313
22435
5591
14503
8775
26133
21289
11162
14920
1480
28196
18097
16326
25701
10858
17781
11584
2949
24295
3880
1945
7659
27358
26865
2785
23278
28298
14399
11304
13846
7463
24055
22939
13585
2567
20369
1759
8089
28009
9521
20686
9576
10519
14565
18605
13090
22660
9787
22130
19251
5196
18026
25964
5878
13296
20957
14033
857
19572
13299
27815
21821
25405
19794
19412
10677
18606
23581
24359
1994
15849
28397
12288
16538
19618
27997
18629
27578
22429
22464
28445
14444
14974
12379
27488
18947
12497
24386
5164
12419
22474
18220
2508
24818
5022
2463
11973
4908
23859
8813
3413
27536
27156
11695
8755
6336
8199
12152
5021
11845
171
16476
28627
7686
5337
28494
3645
6241
6565
25224
20431
16340
11625
20375
12214
3533
12658
22407
19418
21370
19547
7167
26286
27329
2340
10549
14436
16313
969
28275
2490
24577
1278
22111
10432
23561
141
26208
10475
14575
7851
19808
21046
24470
13666
21900
9009
17005
16364
22317
20694
8985
19520
7277
3564
18833
7673
15122
15984
23860
230
14599
18049
16023
26441
7993
9159
22133
25999
7930
27032
1694
2210
26500
1348
21577
15367
21464
6354
12673
1145
28049
19730
6430
23612
27244
255
23647
13863
1197
26039
12503
22735
14748
26735
17716
1252
9522
13320
28127
8468
26242
12683
6209
10182
2692
25187
20146
11900
6203
20512
26239
16551
16948
1192
16214
17322
8749
16235
5816
24861
21090
24793
1829
19397
5795
1210
1986
897
27053
24115
4686
28616
12257
2493
14123
18729
12645
27048
24999
24700
27890
457
28625
11845
22582
20538
19192
24996
23288
9538
651
17976
22675
6949
2472
28255
11449
8786
13435
15917
24442
416
26746
25534
12696
24318
10361
23196
21794
7445
20425
14160
6510
28037
25263
9216
4165
17281
16671
4148
25161
19061
9386
19841
11364
25229
4051
20520
6684
17354
24974
3550
2680
16794
6563
8739
9960
16522
24968
23269
8917
2213
28732
24994
24210
28241
11212
5123
16966
12562
2869
6235
9210
21216
13789
2635
16969
10243
9657
15876
8930
28212
9258
3792
27687
3952
28283
11064
5984
19860
7975
471
17495
6973
10902
2533
2095
11297
11627
145
3125
6262
15563
131
9877
16749
10045
3057
18092
12900
1604
7139
17116
25674
18487
3774
17397
1257
26014
26847
18154
25684
2667
14723
9457
1323
15800
27434
15651
1260
6717
5652
15980
20173
13704
731
8432
2479
20602
21000
19448
20692
19258
16960
12991
7674
2539
9781
4016
17809
26646
4400
21070
5016
23116
18114
11806
7656
1813
27757
2826
22275
5040
6916
25058
27099
9445
15480
4244
5804
1120
17019
23855
18798
15645
26800
12825
11853
20997
6412
12721
12403
23248
8738
17082
3681
18787
25915
1033
4832
2165
18828
15327
12123
1121
8239
6952
8370
14810
10182
18126
18790
18755
27699
2581
25017
605
18735
8785
7951
6513
16791
13462
21402
389
4353
25819
9288
10965
6806
26108
25920
26116
23648
3103
27634
19131
27173
14196
10431
27181
14017
548
6445
26231
20539
2996
24150
19989
25735
28696
13571
21607
26957
28195
7748
22893
25485
911
6079
9709
9167
24173
12014
22178
15464
21094
12323
18582
3321
27094
10473
9854
17741
966
26167
2536
18270
12147
12418
12717
9641
18486
5680
23838
10398
27904
26536
6464
18295
16069
16834
19269
7081
13551
177
22564
28612
2130
18981
18053
26446
20199
405
14800
14147
2801
7419
19272
3032
21724
24715
5167
2963
24511
24079
3273
27425
5805
8770
22454
5353
13051
3617
17451
13471
25766
23621
15243
8380
8345
27808
4255
18634
1893
10134
19283
28330
22407
17077
10008
11000
7184
27732
1746
19894
3506
28630
13049
28641
20557
483
25564
17181
3152
11440
27991
8101
16166
4752
14825
26115
17790
1028
26275
24324
27600
172
2324
5091
20184
8231
8309
2595
23723
10159
9334
13111
4720
24656
6151
17662
21290
11592
19494
18974
3174
17103
14149
2609
11059
1195
1428
14047
3350
6378
15897
15883
9213
4110
3462
27317
3661
21735
1990
14184
24079
26972
19186
727
20327
22692
12154
3086
11821
23173
15149
25981
11912
16269
6439
9271
7639
28224
21814
7408
18748
2714
1076
23539
21878
2894
26091
14760
7855
16339
27974
19973
16255
8269
25902
28600
20201
3005
7049
641
19289
24966
17856
23012
11952
4054
20606
2872
11647
7158
12545
5352
25726
3334
8408
967
26948
10603
19131
22995
17706
24636
23706
4474
3062
27209
245
21314
13652
17537
11991
2185
6324
12023
23250
2459
18115
7114
12302
14437
26062
26809
5153
3442
11674
12204
7259
11011
5575
8809
4080
1027
7957
21853
19392
9869
16187
18827
777
13327
9335
19264
25337
9700
3954
24531
13929
2786
17758
21382
12408
3948
5087
22204
14366
1912
2368
18371
16172
15789
485
24826
7635
2819
21639
18935
5860
11130
875
3460
902
6917
17086
27444
18199
22598
17062
20429
12770
4796
17321
9807
11857
23080
24537
24567
6326
12058
1742
24141
5506
19076
13507
6320
2466
4251
24179
15527
20504
28241
24390
13815
10493
17538
13417
23785
27765
20659
1453
26244
14106
25246
20559
16183
2380
11133
24591
2970
10851
11069
7186
8640
20319
5733
24832
6132
4079
5567
19693
15691
12043
25352
4393
15634
9191
25246
24015
20501
1258
8984
3862
20340
21223
15350
22669
16739
15413
8163
6946
18163
2018
11242
27876
28114
3958
28552
15886
11375
779
12417
18256
19246
24064
14279
9220
3146
26899
12940
16712
5333
19974
8184
1197
4127
15083
12863
24585
10702
1623
22157
8149
7859
9094
25608
28047
3857
24260
623
3171
24286
6401
12755
11199
21630
13352
16754
14568
7258
24082
27609
4303
15683
20673
16201
4705
25022
8201
20235
14573
9192
755
6059
1626
6446
8393
20778
25623
11580
27613
26992
23002
2917
20000
25574
11363
5501
13385
20110
23623
28562
8240
10625
5883
21595
27982
22335
6777
21856
26756
9668
18143
1434
2155
14346
6341
14746
16147
1312
20426
11210
5443
31
6600
22172
8664
11301
22771
3795
19097
18559
7662
19239
12814
7073
11654
22258
22994
11779
2423
3963
27333
23079
10882
2529
24016
25314
447
10089
13920
20450
17266
11057
16799
25203
24512
25149
6061
924
6601
9159
22306
2662
8784
2547
7992
23765
7891
24752
2260
18156
2541
27416
12564
21017
4499
13468
27132
4712
19726
25930
440
8674
26907
20810
15832
11336
6448
22939
16590
18156
34
11260
7925
1877
2433
11987
19650
26725
10891
912
6179
9087
8239
7468
27062
7056
16654
22500
18022
25408
3202
21773
6682
6148
16391
14663
12868
953
3707
23202
11419
9524
1134
8908
79
24726
15943
25082
9638
8865
24605
21794
18439
12263
9097
26104
17472
17696
13847
10307
7087
4948
3457
19826
2861
18493
16851
18352
4835
19044
5034
22056
1350
4582
6271
20054
6560
22426
10702
15207
14155
14082
19903
9599
5875
3221
11980
11231
10151
6774
14039
9282
5974
25149
19571
26409
26640
2108
19678
7181
39
11646
6845
28142
9408
20529
2859
21855
28487
27621
3321
28216
13433
2769
7004
26714
6040
27041
2201
9992
16281
14935
7887
20406
15545
20628
15091
18382
17470
26700
5989
20062
16050
21849
24923
23106
2272
21028
28304
18831
16899
22849
12894
17674
4238
2225
13331
16084
17222
19730
27965
24235
21893
3815
24611
3445
4877
17883
13476
9607
845
7370
612
23967
26000
9579
22455
13723
14932
5697
15700
15500
18767
18573
294
23193
17189
27305
25556
17436
10480
336
11430
22635
22698
13596
19959
24788
15106
28580
10086
8729
17285
19703
12587
8421
25277
2377
2298
1956
3393
4420
21608
3880
21424
22428
10593
5188
28491
14526
12032
19390
14917
830
17480
14633
4515
275
5018
16046
2815
12068
27213
26321
11048
11084
837
15172
15570
3220
28732
9291
16608
27161
23391
13609
20413
24217
26686
4585
12452
3436
12992
14452
11611
15541
13032
24319
16699
6647
15088
20113
5846
6010
16128
23931
5378
16099
13898
6060
22533
11200
16054
18733
21554
1496
3694
18200
27010
10862
3453
755
2785
14551
11561
21376
621
6126
1029
26201
6541
23223
9512
12236
15168
11137
20094
17243
6802
24238
23468
26254
15431
24780
8834
22040
21296
1506
17898
17090
24278
5966
23182
18153
13779
26527
11975
23744
14953
7677
23618
6228
19846
1495
4658
20858
26223
24015
9880
27150
8995
266
19054
11423
7691
19713
18944
17299
5316
1795
25309
20450
7314
2562
27429
3830
13240
6348
22979
3546
12149
10500
28112
1602
8087
19835
28371
19758
26208
16487
10599
3920
21016
10705
11447
6409
16100
21968
5276
25252
22857
18970
17959
7508
18857
5765
11654
10951
26762
11295
12481
19635
2684
2829
25176
25142
25603
24268
26259
26986
15763
22138
19344
4216
11599
17576
1346
13675
8268
8597
25900
26504
21583
6961
23257
16765
28482
22151
19416
5597
14455
5334
19061
13214
9395
15206
12657
13436
2100
21929
781
9318
6435
4917
2803
13489
5345
18438
3920
5687
16368
6285
15501
5666
9432
21308
20430
11590
13533
10053
13558
21127
3057
17326
204
7529
28479
13935
21354
8677
2825
16130
9360
17761
24838
13142
21467
23429
14897
1835
19066
23946
5383
21073
2856
22476
14831
10303
22527
15591
18807
16911
15155
9776
17274
26584
22152
11977
2868
18643
2577
8744
12744
26325
22616
24600
26925
20843
21151
4070
11105
635
15624
1799
1246
25304
28727
22625
18044
21676
22939
4337
20277
18127
22246
10233
11617
28049
27598
17069
14550
25275
26855
7796
15274
7833
6608
15620
271
5000
27871
4971
9314
15609
9226
2890
22330
18571
1617
28679
4246
17989
21436
20448
21238
16756
27580
2324
9498
2056
20591
6197
8986
1653
26329
15252
10589
13724
3038
27580
3249
23240
4770
4555
6006
8755
25741
15816
3723
10487
23115
14672
28263
1648
7345
26783
2334
9267
22047
15912
13644
3448
2879
13935
19717
4299
25550
24698
6360
21486
20800
5295
875
14374
16445
2274
24923
17134
10522
6732
8101
17015
16698
17423
27520
4266
22181
15429
19173
10227
12124
9234
12161
23600
14135
14561
25970
3965
21790
9343
8296
10112
10694
2051
2072
16031
27236
25762
23988
2638
22872
1811
12118
20968
263
3287
12160
3556
22596
9974
20763
18478
14441
25971
12771
21920
4321
1055
20714
8350
15262
26277
27683
26251
16804
768
24737
3536
25795
11348
19006
1831
22056
25611
14190
8484
7006
20551
20969
20214
12367
24223
18469
2507
7590
25240
27242
4376
7803
24030
22741
12035
5014
13692
14467
19072
27878
19565
16472
16839
28124
9732
8829
19438
21373
14434
24331
21660
15049
6291
13816
9748
14164
23911
20301
7415
11027
22541
3707
398
586
7485
8076
14395
16139
15322
11834
5643
1230
21048
25422
19650
20319
8351
22358
19633
17274
9957
7226
8371
1220
8374
16477
12471
11072
15236
16047
11403
16744
25031
13181
18022
17661
26449
5329
10409
9007
14355
24340
7272
3867
25799
13421
24256
10979
14668
3431
7904
3523
3076
27106
22485
20541
26066
7849
1991
14549
4445
12867
20504
28188
17786
24396
26045
17672
10300
17204
18161
14429
1409
18510
16819
18434
26438
1036
13404
4519
11306
6940
2599
6818
1836
22240
11389
9775
22135
22185
9277
7833
5432
25522
23499
19429
8898
4914
10928
1001
23384
4720
17692
9100
545
27380
28308
21956
26537
25936
18681
23709
28604
13015
4980
24432
14231
14822
8713
22159
13290
1405
3490
22387
14671
15854
19911
24309
566
24246
20863
8395
15850
17172
25205
14907
9277
9520
13092
25730
532
16206
27347
22617
21655
13653
14095
19443
7691
80
5302
3180
19944
8980
14988
23146
20747
16128
14532
13297
1012
27190
27723
1234
10291
26560
24967
3457
9229
27413
672
17153
2547
27458
634
9457
14291
13070
25968
24596
7738
10973
7783
13378
22757
11159
9681
15309
18285
22052
7312
15449
4144
6018
4586
10442
11701
7833
9818
989
15251
28174
11690
4153
11466
25121
10909
15665
22478
11906
23920
15728
24718
6738
14527
26694
27386
19583
13530
21123
17722
28259
6167
13261
18076
1549
24275
24252
2621
25388
22578
6145
18477
12304
17613
23970
8722
11824
11743
23059
28160
11022
28610
4372
898
10826
22611
4414
25217
7165
16137
28621
25513
26584
791
19208
13831
19764
13453
10371
11782
8383
24662
6008
19882
26424
12981
3542
28072
12161
3535
25094
17974
11396
28005
19568
10858
27987
26964
14570
8457
5976
1433
27750
18972
27185
25400
2294
16037
9081
12519
2381
26172
23345
21768
24321
9637
3713
12722
634
6879
18676
28576
4330
11188
22403
28549
731
27360
15697
1222
20639
27902
7271
5200
23182
10659
6664
17660
5814
19511
12534
156
7633
22015
22049
3984
499
10592
2070
7045
15706
511
9987
21909
22252
11206
18705
4143
26022
1627
25353
23867
5391
13129
18960
457
13415
2151
14984
8812
14147
9649
28128
28196
15464
4031
7484
11652
13679
5533
8089
17591
2313
27654
14193
11674
26261
20251
27764
21144
27366
21235
19034
18596
12067
21502
13633
17529
20665
15859
9065
4743
16242
21247
8343
22689
5026
1552
3358
15551
21578
9557
11224
12550
6519
19746
16080
14296
18097
619
14132
682
10820
9302
28559
20700
5613
16722
24801
11209
2433
25842
13431
2858
5655
18155
11017
476
19076
9277
26815
20136
15922
27426
21889
9029
12187
21487
6002
26319
3698
15363
18964
21222
2759
23311
4394
26993
2711
22741
3162
9467
20980
18545
24545
21986
27482
19682
15327
5829
22338
5292
27584
18959
729
4614
26686
24040
15605
21708
6573
20773
12175
26284
9500
12871
7947
5622
23425
20011
16107
25764
7525
20552
17044
23825
6925
3078
11953
26518
20819
8826
23250
11853
12684
19541
12028
9176
8282
15408
6025
3137
27267
367
11368
1153
27719
28604
9537
26052
21728
15988
2524
14552
7558
14495
12271
11128
16758
23540
22417
21824
17844
27041
5678
1194
12454
3660
27494
9774
16031
26502
14916
10043
1758
6292
19467
3495
15824
14886
8725
13806
16877
10537
3650
27104
22839
10775
27905
25237
13648
24922
20996
22376
16737
22260
6058
25188
9748
16522
8782
18435
12871
7876
20892
13315
26684
6574
3515
7196
4765
6271
3346
77
25550
16675
1362
1843
28704
228
26998
9482
4472
11915
27117
4512
28482
20386
2397
6510
5306
18031
2900
7550
19243
28200
8528
16072
25516
27905
21000
23448
13880
3162
24531
22486
24548
7786
3880
9495
25118
13203
13621
11853
27845
9181
4223
20214
15954
4413
3040
16927
19852
4456
25712
28245
16069
7718
21949
13876
22398
16121
25707
24120
14398
10566
23271
2852
8061
11934
18634
27185
23622
940
26863
26989
25392
28446
25012
20219
1864
5943
4301
15653
19382
15626
6730
16481
2978
24770
26360
25223
2981
6508
14256
24028
10270
11308
12525
2927
13563
16429
14461
26014
24084
26212
13597
6113
9922
24069
11142
8014
25741
9408
3340
22427
15191
11552
6294
19501
966
13594
16527
28656
11033
26339
3109
2964
10423
7347
21128
8445
21523
13870
6274
15650
26941
5845
13091
4345
18882
23955
4404
13794
4162
3328
9584
2830
12445
20613
17543
15758
8973
17973
16775
8410
28688
12724
2459
14972
6968
13890
7308
3234
2105
7892
5301
16479
16796
26057
22078
21481
11763
25003
24481
7063
2364
17107
3404
24127
12833
3710
4304
6563
23872
20477
7983
12110
27711
26415
15658
28119
3666
16696
13070
13195
13384
16358
15008
7752
4348
23377
17400
1096
9568
9256
21503
5287
18340
5170
3919
20490
27493
26406
26844
18936
20311
18147
19057
2020
21974
7949
19638
1279
17872
283
2064
732
12650
19130
4429
5172
1993
7953
6942
20535
2822
1246
6778
4256
23971
26628
944
15077
6274
13114
13247
18971
8913
1999
3906
23472
25424
6076
14770
25688
5150
22384
23792
26808
13469
26630
20768
19233
10319
20355
9924
8309
16422
27122
20596
13518
19187
2813
23463
20166
14469
14038
8021
19576
16370
4748
18289
19058
22550
4465
27132
17937
17891
7413
12550
20542
10884
2139
8679
4287
1437
16413
10710
844
23475
14873
18045
23986
8786
3226
16756
20681
26687
7059
15560
5782
19683
24010
4552
22122
9219
23617
6335
21857
2868
22403
25434
16905
11649
245
8004
13518
27035
1256
2847
24769
14680
27164
12284
21230
1441
24446
6676
26969
23009
1167
14869
20284
13817
19079
26826
10956
21305
28441
11530
14057
22092
20828
19238
18245
639
18981
11221
2806
9733
23026
23276
14916
5561
21143
18034
21562
25219
24283
5517
1145
11672
8952
8782
15186
6614
22951
18933
18110
16176
23764
8495
16858
5233
26104
14685
25870
27549
19818
3371
24500
16042
18309
2246
3707
49
16243
3020
8639
8052
17744
10652
26419
22320
3337
25934
8787
7078
11726
25029
24515
14963
7047
5792
5536
2668
1998
24209
14808
6511
24611
747
13288
5368
6649
6263
8033
2859
12629
15533
13267
19169
1515
22464
11268
185
1461
23245
27861
4594
14501
19546
13734
10140
27518
20734
27881
9856
13854
21466
26359
17774
19601
24743
1364
20664
765
23877
23478
1798
17358
8989
22761
13661
26942
2864
28449
24635
23709
2609
17096
25221
4395
1843
28645
16150
5494
22271
9284
17438
8915
10193
22560
23516
22637
9587
21589
25213
28184
15942
19345
24431
19102
15833
20706
17438
19756
373
8793
14795
5522
1048
25924
8851
1256
27619
22222
24514
28377
28579
18508
11224
11136
11049
2386
24533
36
10439
27347
27663
24323
12352
3738
27797
17006
25313
6504
9723
21666
2947
11843
25576
7595
20455
8342
5697
5609
23089
2990
16574
16547
11309
7842
17738
25949
23251
13304
13
26623
28621
8612
25826
7786
26535
28168
9272
2465
11298
23290
964
23420
7157
7954
20281
2991
24981
9740
21108
19000
4863
19459
21339
15464
24277
24153
58
22510
19637
8522
24292
14644
12532
19021
24231
25253
17874
19985
3990
520
473
26175
1734
19751
20798
6796
20129
9767
11571
27105
16702
950
17441
27205
25575
689
2527
22822
4909
3692
4043
10064
16476
13351
20419
13600
5121
5288
13300
27422
180
2428
23946
22098
18707
15673
2804
15642
26497
16564
3805
26612
19889
5286
12961
24883
21339
11192
18368
20532
10172
322
2784
13117
13679
1068
12380
11159
24570
21387
1955
11943
3219
21651
5272
21424
6457
19190
4492
20434
5950
7317
9826
2092
20022
26722
5714
19974
22257
12394
17942
7027
19151
18671
5029
1015
22018
17926
3092
14822
19721
9600
3628
18831
19877
17350
3682
7448
14163
2315
8592
8327
3590
6278
26882
7532
3613
8353
2236
27436
13408
10888
1538
2947
24480
6604
8786
2706
28164
27313
8721
24765
19326
11164
2107
18201
1631
19890
17782
885
8574
10848
16199
24248
28290
23136
27217
19908
24001
21619
14387
9166
26603
17669
9572
5574
7014
24135
18474
8113
28058
16782
23552
7085
25578
22759
4498
17210
5199
3831
393
356
8499
18374
12849
19130
15306
24886
25755
13198
13848
9977
15137
22643
1143
6599
7739
864
3663
19759
19705
1464
15806
16186
16167
740
16958
13379
7516
10610
445
11508
19594
530
10494
24692
19418
11981
11111
16217
2904
18322
23880
8618
14354
13969
7188
27652
21259
3050
19630
6784
21301
22556
5710
4183
6940
27040
13206
22461
8685
17340
13096
28070
2434
12214
9206
27009
19652
25159
13643
1305
24206
21857
15286
4318
1353
24325
2163
7863
12559
13970
19792
2181
5990
1401
24235
27782
5002
25303
1268
9900
5822
7267
22336
5873
17286
23153
19918
10174
3307
15965
7418
9673
19355
23971
7773
20250
3265
16456
3718
26337
16968
8302
25744
532
3820
21693
28037
26268
6160
15496
17334
18596
13301
8519
23615
22230
11630
13891
25178
26816
8959
9744
9587
21707
25016
20777
18591
27036
27165
21787
22268
1570
18835
17684
7526
25524
19159
17810
2538
27133
3067
8016
22657
25688
1418
4836
4845
22763
17123
6303
24478
7313
25296
3673
26771
21625
8286
26010
11523
14652
24679
16523
17133
13077
23943
8115
1445
17407
22284
21618
19481
18730
114
25807
26173
22309
2687
17494
22106
3000
14518
22796
1994
8964
7448
5340
15200
9472
7015
8942
26371
9064
10706
5954
12534
21404
20338
16935
10173
7635
21756
24307
20706
2238
22675
25515
10667
19296
24781
13693
11103
16196
8525
14036
12758
18280
15126
14252
2688
27309
13409
15285
6773
27971
27354
15227
9376
2525
19729
11541
18257
15708
1501
17823
23903
15294
28536
14660
28070
3747
13607
23213
13807
12807
2583
24140
17288
23442
23649
23583
23312
19757
2868
14130
4989
5975
24473
12545
10299
26118
14624
11692
1840
19493
3765
14293
2551
6952
23338
4847
23168
5517
19528
1041
5491
413
10266
18253
18588
10197
20887
7430
19538
9114
1462
26033
25429
20097
1069
1029
21403
3266
16171
16532
12914
18803
18523
7674
7725
22616
23357
16605
23180
21199
11932
12938
4685
17634
10001
23552
17536
25404
19909
3164
3740
10254
13601
2510
25990
3506
10179
14618
27317
26408
5718
22750
14152
11793
1121
16973
10396
21526
16628
19996
24450
14880
20943
22244
18290
25763
2503
19619
22443
117
9642
6883
1645
5504
4377
17064
21538
13287
18019
10376
20200
19012
2326
24407
26820
22573
10126
1124
20943
21421
26036
10714
17466
21518
1116
17440
15596
5961
1127
1310
20420
5870
9329
26678
8302
8012
5896
14073
13495
22868
21645
13424
12512
19589
2737
8344
12806
19080
25245
11211
16867
10981
26002
14207
23183
5402
15357
4539
2024
27698
20176
24338
20863
12188
28619
25985
25883
1366
24342
16624
19497
23474
24160
12895
20693
10818
17816
19224
13101
3280
8587
25643
15040
607
16696
24304
22349
856
22560
295
5682
13587
4034
3818
22652
8728
10266
5609
17065
17256
10189
16807
22320
8410
12781
7073
15849
11152
20489
6696
9819
12397
23600
3805
3120
11269
21437
12943
24013
27693
1167
5030
6129
2397
1402
1718
7602
3246
17374
1998
8489
28510
17011
2650
9988
21087
2116
1483
684
3712
22165
16025
11360
13141
221
20704
4310
10619
896
16633
25440
17258
19479
27435
23512
5034
16704
688
6494
872
11988
26060
26792
7525
10220
15449
6900
17859
5950
7219
26935
11361
18500
18395
8852
6700
9896
6237
25996
13053
8705
21165
17146
18638
11951
27033
21153
23009
17529
7979
14343
4563
17547
3848
24595
5125
21632
18989
21167
12871
18028
2941
23028
16833
8511
23971
16084
16648
18367
698
11733
27336
16643
27377
26897
5619
20437
5721
14679
10881
26094
13786
14083
11858
14886
8761
26168
24607
22215
20994
274
22882
21428
780
11249
19234
16838
19064
17352
24725
6397
17870
19891
6292
5390
213
14466
27744
25524
20007
23968
23483
19294
24940
25567
25939
21795
11568
1325
22998
24075
16403
24897
14194
8465
9058
7166
14012
6426
19727
17947
9209
1074
7911
28299
18991
22326
24294
23779
27527
17402
15798
23482
5315
20251
9198
24576
26972
4461
16556
24177
16343
17341
16278
6347
27843
4474
28037
27349
18630
16160
26533
3982
18003
1970
8585
12025
28496
3839
10072
17340
8801
9956
23372
6249
19875
1458
28498
12505
1200
19959
1226
21149
25868
12376
17604
1059
1140
19176
23812
6426
2310
27041
24263
4044
5784
9111
949
26879
21256
21709
24487
16904
24492
18962
18858
16588
19874
570
4685
3025
27257
16975
27912
15938
11092
15518
21381
2427
10224
19129
14872
4884
28304
23990
3354
13620
28535
13432
6078
19141
20085
1202
16774
8125
5976
3142
2969
25650
1837
21457
24930
4449
26507
11214
28219
28007
584
7225
25721
25054
1768
21122
13121
27247
26978
20701
22433
16248
1747
5464
2160
10539
9768
10373
2228
21883
11632
5126
11800
28194
21009
24499
25774
17450
11319
15472
5037
15021
7043
426
17216
6039
24168
17331
4496
21417
16859
11145
3379
14708
20709
27192
1676
12737
3748
19873
11741
24684
3552
27651
10624
14435
16342
14980
3697
22521
3637
25675
14864
199
6257
12709
22925
8265
21941
1304
26114
7699
25793
14884
9076
6135
1250
23075
3676
12204
19832
5622
21340
18286
24269
8585
13458
2301
9551
1128
1635
9049
20892
25359
1791
16272
27940
13958
14312
26740
8222
4560
25353
900
16015
3809
13043
14448
5870
19408
19037
25133
22899
4863
296
361
26850
10986
21965
2198
2240
9459
21149
11911
5431
12038
27504
3980
20736
840
6762
1357
25394
28263
23020
18602
9941
8980
6540
5338
13719
16741
8589
13735
3547
2028
27336
23945
22737
21330
9598
22465
10643
23434
3520
26881
19024
23901
27388
11797
11740
25586
25687
838
3353
9752
27307
18179
23299
9485
28196
925
27267
23193
16891
2574
24486
11614
16190
14096
220
27274
19312
924
2887
9301
6921
4676
5143
11392
12523
10027
17657
23284
19782
17614
15935
11085
10332
21550
26367
11417
11254
333
14983
20281
10201
19643
15433
4001
1845
24354
717
26530
2836
12196
18488
17677
6595
22885
10393
12202
24954
5142
10950
18233
9555
12642
12866
23075
14506
17790
8583
17715
26682
9031
11366
12995
10719
22712
3384
17202
26863
24294
27998
9958
25061
10273
26680
3459
17307
11356
12289
3437
4012
12706
6163
14201
8377
11430
10126
17271
26884
4713
3895
27577
15903
10540
10978
21304
327
26471
27519
27445
8200
1068
27135
2071
4926
25500
23645
13849
2749
28147
20740
23046
6806
22174
24293
7263
16330
8446
28460
23207
26623
3617
3854
2494
28001
10353
22865
11985
27923
4198
987
4000
6557
13981
21327
22110
3194
27865
22184
16136
24030
7433
9473
1659
6178
11938
1068
5049
21994
16504
8904
6784
10804
17091
17259
1041
21395
11319
25014
15565
24526
27130
24545
23894
24885
15923
5659
17914
18843
2026
9320
12887
11963
14851
10792
8565
13127
26782
4472
3902
20719
25234
1839
3968
14227
9921
8915
8655
26444
424
1286
226
14480
19957
21801
23099
24141
19094
22137
22624
20088
13113
4631
22035
8592
21845
4723
1491
9638
25426
22153
28093
18603
28591
10468
17864
16810
11817
8519
20
13735
19652
20899
7973
1049
13945
19236
17439
725
21986
6159
27683
18429
10107
1231
5012
9778
14547
2442
20013
27670
15391
2921
26667
576
28229
14716
21203
9197
6035
12315
3234
15605
16200
12286
25772
19141
13884
9348
26131
4892
21633
15464
19720
23705
22652
3142
19801
8208
11583
4123
4002
10037
20760
6365
18978
1750
19522
28424
21663
20356
27545
24738
21100
21487
24967
18347
19811
4918
12027
8314
5374
8480
4533
19917
3582
4429
9559
20947
1553
1617
14678
8412
4604
13462
13752
6752
13927
5508
14445
11380
24984
1515
2843
14286
18259
1453
28075
13739
9608
28105
13723
28059
1926
23652
27019
27359
9173
25740
6070
13185
2953
21489
25510
15066
1793
19550
27742
22118
22260
28061
13383
5342
13970
9650
11852
15940
1515
14413
24705
18134
16554
21153
15129
6311
11153
1046
24444
12822
22902
17321
3256
28497
15627
8509
11339
7985
17980
3209
17270
13964
4227
8651
14699
23215
20795
12758
15475
6007
18823
5469
17522
28120
20815
25029
932
18807
25695
15150
5180
6905
3968
6562
18669
11579
16834
8627
10344
6888
9643
21584
10903
26656
6589
18411
12955
10631
20904
16616
8806
11472
7793
21070
28337
21258
2553
15547
23402
10417
17276
21854
14329
8639
5377
26151
15013
27446
527
25774
9563
6610
24342
19076
8201
23517
16191
6348
20150
21066
26865
15053
25756
27757
28216
15658
23805
20169
65
12662
19816
22159
23766
16700
25970
26836
1624
21419
12245
9425
26264
2529
18884
20881
5995
2932
10110
13508
8361
13294
2382
17311
5490
11597
7392
2304
4879
23812
12118
9974
14884
5646
27150
21018
23919
508
20981
25024
17063
6742
18752
16012
12082
13472
18548
25104
14271
4222
19115
19666
18708
10926
14011
16740
2469
26683
24621
21217
22362
5790
10423
2626
6642
27383
18596
14709
24287
7237
17868
5950
24663
8878
8289
5647
12858
7950
3882
7662
26766
25645
3466
11139
4899
7565
5400
15546
2993
12142
2079
1873
23296
21396
22027
28490
9184
1383
5457
2226
413
26713
19582
23186
15431
21339
3153
18269
5153
17587
17318
27928
17345
24926
27004
14355
4734
18198
25508
24689
24217
17614
2165
7249
13031
7350
7115
5094
10056
5191
3913
2027
3682
23216
18540
21218
1338
8129
15785
18927
8207
17579
15275
11917
17065
16936
24256
12604
7392
25595
3555
26452
1944
13131
454
28095
863
11508
9102
1256
19363
659
11559
3462
23851
12935
23887
7601
18285
5863
12501
12836
1397
3560
23232
3552
19021
18026
15466
10385
20773
12330
25383
19218
12571
23575
22757
14837
12430
7893
24084
25970
12411
8827
25869
19252
25460
16573
11538
8175
16393
4725
25010
18612
27676
7298
24816
17394
1481
20793
19408
7565
24713
9986
13106
14396
11321
25895
1328
6707
10496
10025
7552
26791
11302
18252
26649
4406
2045
17796
9880
15919
12719
25672
16546
14570
15398
12602
2021
182
16675
16298
18859
15424
23480
3003
2331
26470
3554
15499
7878
5541
10006
4920
8334
3009
16791
17972
21986
22830
14746
14755
25725
10603
8896
10876
734
7362
8762
17011
15738
16851
26205
4848
20970
10879
26824
19954
7369
1529
12201
21155
22162
20368
12402
16788
3102
14729
15275
4003
9858
13591
24915
19846
24661
5447
7591
9010
476
87
1594
8931
7258
25100
16483
24447
21005
10976
15303
28408
7556
4027
24212
8588
4923
6085
2504
23248
21360
25044
28031
28122
24035
27338
21974
23673
9963
26053
6997
14856
3181
20311
13504
7115
4508
19843
27069
14243
23914
27099
27726
19241
20590
13249
19365
19221
12449
13398
21278
18296
13310
10994
9342
26782
18120
9629
22794
27887
11414
3091
4150
7968
594
19160
18276
4859
972
21181
17988
2825
26448
12227
11351
14571
14826
10988
1396
18632
21541
20261
4642
22437
11769
22302
23226
22923
12863
15535
24551
6322
17914
22380
3767
11015
5676
776
1016
19082
25310
15620
9252
10290
10254
328
8730
20872
24124
3330
23622
18078
8020
17845
21314
25999
22243
22745
15315
24607
26491
19110
8121
28024
4962
10727
19671
16943
16331
26995
19358
10150
18238
6533
16496
9294
18890
21989
9843
26344
15694
1670
21491
19640
14798
1639
24959
2894
26301
25122
6915
2813
10647
11981
14768
18144
12721
15869
20223
28444
5517
24890
201
27827
19297
18779
9408
23546
18024
2475
19460
27542
18111
14717
10594
10483
11530
16084
9178
23764
24354
23321
6999
4078
25627
5781
7653
28051
17450
21325
9948
22897
7589
2737
16084
9305
19599
16550
12868
758
5534
5501
27753
26921
9817
23823
20600
16643
20264
4894
25501
7208
26070
13033
8507
6272
18148
3106
18040
5681
7157
12755
25059
5504
9160
26844
1516
23059
6434
21179
1383
10135
14367
795
15456
12952
20444
28627
25006
24325
18697
26056
18452
28483
7063
1218
22857
18949
18752
25253
1594
27386
13268
26315
3977
3020
17250
3938
20476
11443
12629
21533
6147
23215
5365
7054
8719
17210
20618
11828
848
12278
13726
21823
2992
1025
27158
23104
2435
7665
3391
7935
12662
12879
26905
4955
21467
13259
28285
11885
19047
20064
156
4407
16731
27900
16584
22545
5809
9410
22007
12133
15207
2951
4702
15046
22238
5868
12972
21946
6700
84
13978
14691
25591
24
16772
19628
26373
7501
3682
17502
10081
27889
14989
487
8789
19959
20372
17712
3718
25005
14712
5017
4185
18950
4101
17570
10397
19855
1551
5626
15659
9077
18292
1113
9644
14589
16041
5800
17328
551
6779
17818
13440
16700
16768
8417
26756
11236
10925
10226
19513
5125
26817
18731
9598
135
9846
12952
17751
23244
17578
14091
25293
7419
1100
23003
22983
28607
3309
9640
14438
22911
16371
3909
17327
14397
24305
18704
9030
24956
26220
11914
20291
21405
28088
21857
5082
610
9516
15348
1019
16218
16847
15766
23211
18309
13937
13813
16871
5839
10656
12705
26339
25059
7593
4418
14227
5462
1919
25116
1203
27861
14897
25655
11704
10330
22420
26556
14800
6600
20470
12401
20363
1661
7853
24095
23403
28100
5040
1531
18693
7950
21536
20870
16669
28304
20827
7200
4653
12807
6807
11066
19516
21339
10165
7807
4802
25529
28113
14078
12531
12159
15073
3010
27106
14482
2865
15256
7933
18516
8023
1477
24242
27339
25813
23312
16820
9482
1809
24535
18794
27393
957
12359
15491
14836
6137
2449
15637
16010
2806
15583
8855
27949
21395
5923
16069
2205
25163
18206
6164
22555
11644
21058
26422
1526
4538
27223
15832
175
19677
2121
13878
18006
17027
23334
24453
1434
11103
3983
8823
11013
12746
24934
16555
3399
8430
14295
9873
13796
13076
1554
25325
22224
21291
21916
247
22814
586
14494
11549
24860
13581
15680
15896
545
10083
6850
3938
19634
726
25769
15861
17536
22307
11687
9541
9614
5599
24688
4056
17164
5677
24956
16929
6696
6638
23912
16765
27627
3842
12409
21622
1782
6438
27676
19851
11897
22015
15473
27301
7724
23017
15695
25568
4571
10771
13926
24371
22074
9095
10468
27206
16490
14056
9314
14544
15409
4068
3005
7648
3309
25564
27300
24313
24288
13677
4531
21556
27249
9304
4566
27498
11701
20988
10719
6641
28189
22898
5946
3275
10158
567
26680
17923
6588
5120
12537
1039
19229
22129
5500
22252
6817
16651
23847
19769
16197
6778
12668
2701
14346
23851
9110
6631
5106
5652
19119
14964
8499
23337
10079
3559
13493
20076
4184
18956
22795
24553
3719
17150
13971
22600
22583
16667
13552
1455
515
22788
27486
7735
4969
361
20017
23779
22578
3156
24718
17142
24609
10283
9351
22596
17770
1889
13657
25317
7825
24770
9202
13470
10322
23155
13250
1436
11199
20521
12558
22801
27144
5215
6120
10898
28529
718
8651
18986
3673
13138
12279
2914
10369
1376
14989
20944
1142
4268
13092
20476
2922
10761
17858
7237
2729
3647
28541
27735
8416
8972
23170
9942
18833
3144
23660
1090
10643
23157
14407
26911
13325
6146
3432
6942
16093
329
11679
9199
4474
28059
14755
24496
18180
23622
15558
7282
25617
13786
27282
6006
3375
4681
18029
12220
21523
1887
25517
13465
28391
9192
22120
28283
6925
17723
15779
17399
3648
4699
27003
27709
26124
21407
1887
18624
218
3482
15370
274
8106
6817
8261
11395
11867
16619
11224
9316
6525
10304
28270
7943
24656
21534
974
7843
14383
20001
27391
21434
13209
10518
4612
21550
11902
13033
23273
26
6272
15125
26695
6031
11969
25557
4682
5723
27313
1065
27389
347
22495
8483
9532
22936
7881
25349
7827
26515
14221
8092
14415
17812
25976
28324
25577
25119
22070
14065
23303
3719
25576
27659
12610
4796
17697
12972
5321
21724
20512
4543
3675
15485
837
17431
7247
10149
24764
3112
5099
3853
7287
14169
26461
14770
9439
7149
21567
8098
997
13589
14820
20712
13544
15692
10536
9155
5955
13202
16319
12791
20657
7154
20922
2056
18789
13190
21851
12256
25116
1879
3294
19408
10513
14230
28322
28070
6443
6953
7849
24923
20491
12365
25672
23348
10073
2303
26328
21879
23993
21026
21999
7938
28042
6581
17975
22786
5429
362
26755
27689
28228
15072
3117
11515
1465
24782
18807
9715
1428
26899
5371
18601
1060
5251
13268
7799
15595
143
2469
15237
23415
19030
12062
14655
769
16156
25167
23866
16497
4137
6022
2941
3437
5123
9904
25241
4510
13036
24797
10982
24230
27225
15189
18147
14568
22286
1027
5598
24184
15157
18943
2969
6772
4464
11779
8281
19288
3510
12299
26871
8924
6567
17749
26014
22109
4258
22234
25243
5864
13828
12987
26977
4784
8198
19775
14383
12160
11267
1070
10168
16867
15348
1672
27219
21254
2460
10926
14882
19435
7471
10959
22478
6751
26369
9802
6478
23712
26462
1068
13427
17030
8971
18824
1800
19189
14182
22818
7113
1594
3302
15030
6793
28528
9529
3388
15025
3140
7526
1375
15064
6969
14438
16156
1243
17077
21467
8203
10970
9799
17904
21212
21717
12943
22727
18698
16188
4621
21984
11347
26541
6304
7698
12043
18134
23792
4825
26497
1783
11055
20339
16655
362
10855
18372
6757
11548
27739
10466
20718
14401
17558
4912
15603
991
1811
13297
24084
19700
22130
249
11502
27461
26232
16616
18739
18206
7870
13266
5727
19152
7819
18597
8572
18679
5113
2409
16030
11496
4362
23723
7810
28505
14168
9795
6545
7557
12440
22215
2547
19571
1496
469
20064
712
28672
10586
10251
3836
12746
12293
3479
9737
28019
8642
6790
11895
12556
26056
8854
17841
25297
21208
2924
15547
15555
2477
5244
15194
8279
16740
26439
11217
7826
20201
3753
2388
12549
17730
3917
11155
19405
10871
7170
3023
9173
21571
12214
4583
10771
20048
15198
26308
17470
7274
19752
25242
6740
4523
2702
12581
22527
18062
13724
6266
23447
325
12513
18402
11799
506
18294
9538
12449
13394
3611
18008
23482
14059
26192
24484
3035
16456
5158
23843
16302
15807
11511
15206
16186
19103
10494
13004
12653
21895
17848
18802
3655
27042
19500
26456
25982
9098
3455
2314
21332
26881
13379
22664
13511
18130
25107
11879
14196
26206
2533
9169
7976
6605
8814
8661
13751
103
3835
3430
10462
27233
14068
22321
1778
26799
21235
25534
20242
23801
2252
5776
19322
17524
21178
18750
12467
13738
25873
749
24389
1630
16095
10147
4333
2296
28110
24844
2595
24048
12305
9504
7891
20578
558
24263
14005
938
2121
2819
12855
974
1973
15782
3474
22463
4004
9137
27808
4613
27608
27768
4701
26328
7001
17195
21240
14584
11273
15524
16415
9538
18234
25535
22171
23811
15241
14178
6143
20358
15832
1597
8375
24021
9871
15699
19353
18478
8749
16140
13636
11396
13481
20332
21748
14342
17995
16377
5927
19954
28342
1000
10230
5706
23174
3774
14596
15435
25994
6669
23731
18233
6396
28359
14204
22236
15196
2222
24270
20145
15023
19597
1906
24509
11412
17324
23372
1400
24317
21982
17437
16806
15115
5519
1583
16245
18217
24329
22342
15996
26211
1117
16066
17102
4486
4680
27922
25590
22853
24707
22665
26543
15084
3004
11228
4034
16471
21987
22038
26649
8368
10838
3942
20965
6343
2165
9984
9474
25299
6432
17766
3171
20719
21993
22373
22505
8973
2531
14806
15985
15125
20028
10473
14242
1087
15066
7903
21141
7676
1117
19711
20870
28267
22170
18992
25518
22682
25113
14408
18260
7593
12002
26069
7970
23354
18850
19289
7676
1958
27899
1746
3298
23457
14041
20682
23022
5413
8783
26382
14493
3014
6643
1889
20270
1497
24612
13089
20423
16380
25099
23522
10513
16457
11216
26047
23076
18475
8801
8992
3604
13223
26699
26920
11500
27134
7388
28584
22254
2914
13171
24125
23299
7904
27442
734
25266
19285
7506
19441
7449
5572
24487
23627
22799
1106
15503
5153
12331
27254
19147
6263
28259
23100
21265
27229
7130
15363
471
15836
24824
1466
17408
9319
1066
8808
11933
25981
22187
23737
10823
2626
6237
15707
17136
17313
11021
19351
22736
26864
4799
9146
26050
108
19701
9166
1065
20345
9408
11296
9959
23404
23260
24984
1803
2027
1389
12555
17032
1182
11487
14149
15647
297
13731
10523
27248
24250
17268
15845
27589
12394
7143
3864
24314
21109
25722
25318
21757
22393
21846
9664
18568
21080
20610
22841
10383
22448
12685
23884
22900
14594
5480
16649
23331
6461
15042
21148
28158
25037
24532
11589
12629
2652
21068
27007
15093
10820
12032
5668
11028
130
26880
27708
9077
9901
10584
28231
26810
14516
833
19759
22950
9244
28363
104
5445
1812
25236
198
4353
24584
6272
4302
628
21622
18875
621
28189
18334
11674
5202
12841
5912
9059
23923
7201
15809
16163
22889
26237
12355
17521
8705
4777
3677
1955
9521
926
784
1390
17843
1742
12380
6438
8339
9502
4719
4604
14308
27369
20180
437
3221
1874
4927
6145
8281
7283
11244
25206
3033
18632
19704
27692
5072
1963
15325
25191
13311
23506
8032
16800
16168
395
17129
12380
17833
8619
4657
9644
21466
5527
4064
28306
21513
12287
28717
25124
11112
2606
17460
16851
6288
9918
26161
6985
12827
3807
19221
28584
15941
16521
10679
16769
25363
10562
20947
22615
640
23791
4765
15377
2987
1308
7692
26671
26687
12528
25729
13454
27932
6238
4595
13896
1664
9216
26856
11446
13346
22075
13728
1942
15338
18937
20654
23498
6133
27045
4020
16775
12522
23633
11701
18517
5317
24363
2670
22479
18748
18999
16797
9516
7203
15730
21719
7478
27317
14159
21753
11405
10782
4223
6290
4687
12958
25645
4532
7967
2307
14573
3832
15391
28621
14293
7425
11615
13006
18508
18033
6203
7398
28219
8059
20392
5740
325
20602
3829
13874
871
7553
18482
4786
11943
2935
21126
16711
12375
4320
981
20281
23254
6720
10401
7204
6228
1319
4950
17556
13278
11954
27142
19637
20617
13651
24555
28710
17223
26748
8408
13736
17498
10600
12246
11186
3930
682
18400
21426
12201
17684
2232
24913
24883
17938
8479
16561
10035
16688
13751
6876
6629
14916
4004
4694
10980
5134
12687
19402
18949
3844
6967
11234
2804
20111
27934
22444
21807
19836
20987
22838
23841
20328
18492
15394
2334
21062
24359
17556
12967
3468
7064
1310
22860
12444
7506
19638
14158
26772
7266
14707
5474
22388
23095
8754
2571
9756
26948
9559
9168
1976
12537
21122
17770
426
14983
22953
27801
25859
17748
10470
14195
4448
15898
28089
28299
4649
24769
8949
10768
7161
10211
7340
26934
27562
26635
17542
5618
3245
22250
1990
27203
584
18061
28414
10781
24688
12113
20668
3083
11153
24115
24061
7437
12860
17233
28164
11532
21204
5811
13077
15760
11606
22163
10219
24698
1146
24111
17637
12806
7614
9901
28140
11224
12358
11111
20188
12050
9838
18070
6051
4874
17063
7947
230
736
27769
24094
23226
24425
14210
23464
6632
16176
3561
17889
10463
22054
755
21621
3653
28538
27766
1792
2742
24278
10050
113
3878
5653
22058
26146
1820
3394
11017
1118
3117
2370
20729
8502
25679
539
23896
26460
22243
19548
11459
25079
21280
19676
12909
21816
17360
22963
19539
25827
26052
25727
19093
24427
20586
26229
15347
2221
6506
18748
24384
2892
28723
6728
21202
21781
2208
28495
12802
21886
25772
11427
2278
12874
8497
19834
2778
7571
12347
19128
7757
5539
5139
4088
3657
23267
5707
1391
4944
25284
14949
23889
8890
21728
7771
4743
27971
6537
18086
6017
21086
8414
22911
10108
8973
17366
20073
10754
22612
1278
4995
25105
25720
2087
22469
22572
28732
9531
11011
16792
4173
27692
25816
23826
20900
12124
26876
4722
8005
24348
25056
21658
28530
9707
11945
14670
11505
8301
5202
11260
9561
14432
2787
1668
1084
11264
26850
10772
16238
5321
20548
17737
6292
11849
17700
22218
942
5139
727
18094
4522
830
15276
2312
22460
3562
16036
13665
11316
25925
16197
23623
16933
11474
24516
5176
20646
1457
27169
6185
20376
14678
5386
22713
15498
3266
7643
26262
23068
10194
19407
16057
15873
10538
697
28150
13274
12578
26989
8604
2792
26879
21869
14562
6756
6005
4666
1110
4374
24859
14603
25400
25116
11712
4765
483
22021
20148
1346
12779
35
3263
9724
16364
9412
28630
9110
13047
19192
7666
11383
24054
12838
4598
6236
25983
15058
12086
14461
26111
4970
1727
27053
26050
20960
4835
12905
2938
9703
19538
9179
12779
25590
9276
21684
10078
23610
17278
1799
555
12258
2745
14334
1555
3744
3562
9745
2312
2844
26128
14342
6225
18463
21794
19539
23242
18663
25740
6145
21571
16142
15853
12372
3336
26554
19634
1066
8259
8221
17893
12682
16797
23002
25495
16498
4534
13156
22897
3316
23285
10420
2742
24585
20683
9794
25162
2904
1562
27978
9883
21760
2985
20888
14710
19462
11867
8584
1701
23219
28668
13156
4959
23500
9389
19128
27222
8678
16286
14279
4819
5400
2399
13776
14842
14771
11325
27110
27027
20237
6822
20222
22358
3460
17865
16794
2655
21336
26697
18419
22715
13391
18538
22743
14403
14406
10153
18462
25222
3057
9521
5795
24430
4701
8981
22426
24968
17529
28679
4719
18010
5156
22634
10105
15097
9393
5266
2455
25832
13385
26517
1964
18987
17408
11283
9060
8315
20149
6675
7818
13764
8023
3902
18870
19955
28679
3020
8682
15043
9170
11470
24566
9967
1968
8470
16162
26481
13880
28601
15253
19916
19598
2207
15386
8525
22880
21695
8114
24009
25819
8567
18763
16776
5716
14453
9877
14016
22909
18807
11075
28362
8518
4273
24391
16070
9680
4582
5179
10805
18286
14425
9171
10558
12073
18229
16607
16657
8112
4109
12332
12283
20158
9781
17924
11399
12945
26402
26140
4699
1599
9078
23673
22350
11579
25795
25508
22256
7040
12308
12248
6712
17914
7440
28450
6032
11612
5602
1674
18179
18418
6164
22149
21676
28602
6428
1408
8616
23983
25013
11190
4041
2602
21622
28244
4152
18636
24493
1414
26841
14903
10890
20224
15104
17292
17721
22336
9613
9315
15698
14579
1103
7766
19331
2515
6923
6201
15598
4145
17840
16870
21037
16033
27925
13840
18172
5560
21959
15358
3299
17563
837
8208
16629
20912
4226
10218
21152
779
16811
25240
13997
23437
6321
637
15492
21806
22860
12462
6186
4166
7091
27350
22096
6713
13599
23415
7479
19458
1586
7556
9699
28145
21708
738
4152
1963
5834
6204
27839
2394
17824
2681
6061
16523
23096
25163
20622
27806
5278
10486
27561
26188
10852
2010
18265
18574
9795
153
5695
17072
18120
25975
8619
5297
25438
13006
5674
4354
21490
4311
27244
7692
12922
22952
18587
12267
22791
17518
5634
16320
14181
12720
7397
22411
24895
24809
4085
22145
22106
25601
11459
1682
142
19217
27069
2025
8780
25690
27067
1125
23024
10552
14737
8112
23523
4289
25582
24492
442
20740
8226
4656
18105
3161
15513
447
5917
3461
2633
14646
2459
3515
11057
25195
7827
2872
23675
17750
24995
13674
6902
15650
18191
6989
4704
479
20003
1912
15075
13799
3726
25767
24636
8524
10229
19270
2425
26922
11521
25709
14541
25669
17153
21493
25583
26601
10989
10134
10172
26302
21270
15264
14807
12295
4751
18690
2041
1394
2309
7704
6802
24774
826
813
22439
11983
28729
8101
8580
9475
26328
6878
16139
21945
10686
23963
7863
24904
19063
4619
574
14088
19484
13247
10448
26683
13464
20669
31
26853
7596
11915
13295
20508
5330
3296
17843
10908
13481
27759
8969
1086
4186
1642
77
27426
22918
14221
6218
16118
23520
16718
22515
15587
6580
5148
4736
5500
26730
21182
7528
19186
11012
17933
8463
3289
26132
5804
12457
13069
183
14197
17577
5424
693
4665
26165
4833
9117
17580
22118
28149
28682
19017
256
4577
9080
20731
24496
26921
25714
2627
27735
25641
22205
24769
1529
9861
11441
270
10289
18646
5917
14383
23771
12232
22160
10369
24112
16983
13398
6150
19447
19925
4635
6168
2774
18006
21072
10409
1986
3889
15491
8974
7804
4931
15499
22684
6569
7502
25344
6478
22302
1705
26852
6190
21860
15508
16195
5416
5792
12832
26532
9871
4211
13956
9109
1246
27603
3101
13713
17526
11624
1373
7397
17869
12388
1252
17526
19799
3505
17543
12840
2136
10230
28612
19898
27601
23413
23053
8480
27063
22727
24053
19338
3994
13801
3654
17304
15094
28260
16759
3052
1802
4280
22637
9887
28372
15098
12819
10742
1497
2637
12734
2123
25942
5027
4033
13394
7549
6746
18446
13445
20482
5823
10391
23851
25108
2698
11302
7151
12423
4008
15324
25208
1191
3094
961
13220
26269
5785
15148
20205
18294
23714
12959
26491
3322
3916
10961
10878
20229
2346
555
4342
15515
7587
19604
1940
19965
16144
5944
19856
20311
7137
27228
10098
2771
18000
28348
24755
25216
8994
18153
17495
23877
23663
3992
14005
17984
23136
16654
19781
1307
5761
19963
20432
12432
28563
6226
20326
11296
21845
19602
14684
2302
14880
5873
9505
11254
8041
25941
4999
2532
23126
10885
12924
4826
12478
28710
22461
24066
21439
2484
7284
20301
23450
28403
6077
19219
25664
21515
25215
23895
3023
20542
23292
13112
9220
2205
26284
10358
26837
22939
15479
24882
24804
17429
3699
12979
26782
8397
13551
16279
17016
3873
23476
4220
11034
9207
5478
18948
15147
7468
25742
11643
24290
24147
14642
26221
24433
27872
22200
17770
5395
15974
17326
21877
25891
24663
15456
20181
5312
19795
8262
26479
10785
5304
14801
10151
18581
23302
1185
18503
19352
26876
18555
13572
23461
22198
494
16612
18701
13033
25989
4014
8908
13099
11678
14732
18846
27145
13801
28219
9656
23957
4204
8814
23261
21234
20202
14585
2650
23134
8833
21809
21887
20117
6988
20486
323
19817
21857
9951
7695
7872
28067
22744
2489
15042
20330
22004
11638
23169
26552
8596
12682
1250
26304
5489
27210
23972
1967
25417
23021
16574
18103
27603
3545
5545
3020
20401
8622
19594
9283
28318
16826
22004
14063
12393
5536
22973
19088
14808
10301
18985
11404
11608
20772
18950
22844
5589
24077
14223
5198
21165
2057
9217
15818
12858
12277
24482
20960
7451
3192
15499
18817
6892
1755
27456
11315
19787
25601
20903
18240
10879
6297
12204
3978
14709
3320
4923
21524
7203
15474
9551
2461
10176
676
15923
6256
28373
5919
10812
836
6548
22849
14563
5983
28432
18668
24254
21458
24820
3118
8811
17638
19989
18897
25223
348
14770
24817
22411
9723
16208
26498
12549
16131
21947
25466
18606
6763
8912
11928
17036
9702
14296
16105
18510
24147
16574
4242
19306
21800
9788
9800
982
11718
25216
769
26929
12003
22829
24057
1690
18593
5598
28348
10245
22116
26057
3513
5515
17042
3898
11406
12660
18883
5635
9238
9020
5548
25335
21538
19669
11352
8770
8265
2176
23666
19340
20168
5850
4857
24056
7684
16913
7385
24358
17719
8666
7155
5779
6184
20830
1012
26796
19815
27832
2746
13537
11512
14474
27314
12429
20228
26066
22472
17280
5889
11932
10289
8721
7575
482
5894
1814
12770
22495
23237
24774
12265
296
4599
12451
7086
10010
225
15518
9345
6302
16716
14050
5257
13652
10279
1678
1575
15326
13786
22217
10467
11168
18752
22305
309
14363
22449
7517
24275
26050
9423
25950
9583
5806
9312
16823
18745
21726
5511
19483
17881
15208
18968
10287
10057
14975
23662
16443
519
17209
14645
13454
17534
21877
6906
10529
2442
9737
13789
26308
14539
3792
7821
8671
3116
26494
5821
18778
4886
14096
9735
19165
28714
10040
4370
411
576
22721
5823
8535
9990
13957
3644
1106
12323
15893
15170
14285
26839
7911
5322
15818
10713
25312
14540
22701
10814
7680
2408
18569
18403
16110
20038
9354
18110
27404
10308
24116
1924
10407
23207
22432
18115
17949
14467
11016
25817
5018
11644
20986
9054
19820
21517
9284
21692
20018
10499
16650
503
12149
9675
18906
11405
25224
13918
25892
27487
13784
26485
23043
1429
16818
10383
28016
4894
20193
2100
20736
6798
13660
27148
6198
2588
17417
2446
14994
28556
16953
7141
17025
28272
12249
525
6924
28121
16890
14908
14065
27404
14637
10068
24132
19338
14938
817
27040
21379
9202
5663
12001
541
15838
16327
1695
1139
17767
16691
17656
15883
26046
19325
8851
2956
10494
4741
24660
22749
24534
491
2534
17590
13556
16070
16203
7488
24991
6217
12733
16028
20258
13251
21013
4668
6778
1859
21964
23004
18790
19174
1819
16410
5879
28309
11896
988
12941
16585
9987
16420
9730
15337
14839
1562
15908
738
667
20658
5618
26205
24022
27297
1567
16588
26433
23267
27635
18796
3813
25207
258
14973
12817
19082
26329
21400
14294
14055
17023
10275
24373
23073
9663
22364
2912
1993
21168
9261
24254
5807
775
23920
18063
24004
13655
9043
19855
18046
9795
20148
24711
8886
6819
21488
22845
13083
4260
2785
20700
27857
2350
25410
6625
26041
14003
15180
27569
27706
8064
18024
27699
25052
25067
12164
5425
10123
13926
14389
14682
19779
25898
14787
19398
1307
20487
3370
1150
14732
13678
16690
23562
131
12209
19259
6772
22840
15244
7676
19168
977
24672
9620
16388
17314
2353
21852
5972
23191
10776
7100
26364
931
8509
14402
23102
4329
1155
22623
28521
15897
18977
430
4977
9758
8638
1808
8287
10581
20454
24080
19989
27074
16653
26084
5843
23639
6808
18840
24713
17032
1092
1656
8324
25854
8333
9962
7844
13077
9194
23097
8825
26135
19978
4043
13317
28465
6567
21255
8530
9908
24590
21136
10645
17510
12037
25332
25339
3162
27278
15480
20795
6291
1660
19244
16480
15130
21343
20154
8552
26276
26919
18923
22607
19837
8573
10764
17234
21499
28629
10651
27898
11200
22070
4395
20955
24620
18431
15985
25246
1168
6250
10522
26665
21984
15463
18603
27398
873
21288
12132
7245
5323
12216
26380
26512
10254
672
10283
19034
11266
28653
20363
23983
21860
17282
185
23564
22291
22260
7016
22518
13111
1319
5260
24628
3459
1733
14224
17615
7408
10031
2826
13335
15098
9164
1862
10204
18285
16791
22068
12275
8178
24707
12230
24255
8725
19255
26103
23734
21879
3430
17654
27017
13860
12073
16706
5059
8608
15865
27505
15661
2824
27950
23171
24105
22724
22506
24912
17813
23947
24467
25189
11795
26788
12990
8362
11916
245
18665
5200
18277
9339
13370
11080
23963
16040
887
23956
5663
15174
27860
2591
9845
24766
7586
19384
27856
28308
8975
5609
17078
9460
5849
14533
15119
17436
5547
16059
21663
23454
16214
23049
12864
2940
22365
26472
13801
6666
28238
2889
23755
28281
8957
28726
23423
6166
17626
1558
2429
4031
20626
4160
24288
10359
3217
3656
9138
23610
17448
25648
27113
11323
7342
24999
20099
24925
18620
16991
19374
24850
18056
11285
20311
10308
3380
17135
4408
9509
10015
2680
5197
28334
7713
24956
28065
28717
27840
5357
14485
9035
4021
26636
3463
12080
26653
16200
19742
11107
12762
14934
1984
8559
4030
12495
18490
22849
15184
19028
23378
5713
26130
8011
10413
15000
20999
12820
17839
20828
25505
14700
20571
12493
23812
24517
9812
18551
26792
18711
6294
9324
16881
26384
23883
17037
1983
1988
13595
19502
10835
16206
27009
198
3964
15561
12492
18952
25569
17675
17598
25709
15095
25392
12430
26897
11713
15405
2174
765
14373
6037
4112
17146
4152
12092
3208
17480
7095
4992
24469
23683
32
4509
12409
15072
14861
20124
23735
6454
26553
27533
5168
23314
23892
8734
5616
26047
17307
28325
18135
19193
24006
6247
22564
19297
7294
578
20706
25763
22132
5323
13557
24277
13811
7579
9517
4465
10567
25565
4051
24396
12169
15328
11581
9638
18463
9254
7788
4064
3380
4254
25162
16518
19873
9688
12976
5676
16520
14457
450
27760
2440
18217
16905
7635
11022
20794
6123
21943
11894
3261
9010
7879
2245
6973
7203
17677
7197
18081
25708
22154
19046
27133
15620
22882
23127
24288
10777
8773
269
27382
19287
935
8308
22665
14704
547
26100
16823
9632
24941
9621
13237
13293
13608
6877
26148
27304
7670
8543
25982
21613
17101
20973
1014
19607
18737
8829
20420
8636
27876
7093
19538
27679
4439
17724
5624
9227
16086
1265
9865
9387
7650
23677
10080
15868
9311
28284
17142
17842
18524
22269
685
11810
15627
16915
26100
12181
19812
5607
3459
27709
18658
14552
27694
5577
13461
9634
9487
3504
16508
26511
28576
27978
19935
13389
20089
17880
8124
9729
28074
21933
2117
6512
17448
18976
27631
18525
26252
822
7901
24806
2387
1885
11424
7205
13179
24611
14078
13084
7156
5414
7185
17021
1621
26627
23549
28424
10248
3451
1883
11419
23489
22951
27738
9130
10306
17266
20469
1504
8436
17108
14163
21001
431
11181
10221
10106
26809
14865
5334
5848
18538
7479
3262
24877
28568
730
11136
14415
2183
10022
17956
13523
16280
27785
258
11286
10867
1986
1573
16447
5848
19701
8885
22727
9394
15842
9382
27027
11909
27659
20877
21923
25048
12624
22995
20522
17004
4576
24281
4076
21339
24854
15580
7165
21492
11711
25265
3942
6792
381
15361
27020
20161
21334
26250
1384
24295
26569
14291
20866
9049
25605
14355
26139
3969
19037
24971
23663
10442
12374
2512
26091
8822
15428
6651
9628
17141
27323
6557
15660
26794
2181
26924
24059
6132
23756
14813
22679
11610
9642
25044
7551
6542
19172
2870
7657
14529
27588
19524
24685
18392
9144
9378
23445
15173
13947
27894
28398
25000
7027
15383
20480
15553
12072
9517
12438
22175
15359
20043
11404
14480
28241
10224
19407
28300
13323
12303
14452
8964
10357
8718
12928
10970
6876
26871
17702
18489
2441
19019
13263
26295
18615
10601
14908
22490
25826
11834
23748
3966
28599
6146
28025
14460
11437
19352
17961
21608
28725
1868
14526
3067
4961
11461
26125
6675
21250
14722
17532
127
18570
8744
28466
28683
22730
21136
22839
23155
16149
13736
5684
14561
23048
23729
11488
4449
5762
9140
28697
2782
3815
19211
11538
21904
73
20721
16315
13817
11996
19798
10738
19986
18648
9327
4444
7155
18238
27322
22426
18758
22628
5099
12433
21153
27017
16684
27790
80
13033
12728
1897
1614
14146
5871
27686
18496
20385
3432
4647
17625
9776
13187
6091
23650
2111
3193
17907
3342
10265
12468
16248
24657
17188
20925
4396
22837
9819
1044
3470
12979
2758
27972
12253
18909
1382
7648
25716
26727
24537
12005
27689
15648
10072
7626
10613
16191
20781
7688
2291
15805
19799
2472
10627
15250
24506
1026
25027
13607
5970
22138
22827
10108
13573
11875
16836
2902
13500
15301
8503
1342
8109
1390
27360
2254
28684
13464
18797
1637
1711
14218
19988
16425
15994
20851
16915
23920
1766
16971
8853
14492
20469
10988
9440
25792
9825
514
4611
20318
15469
961
26856
12779
16362
9479
17125
6266
3159
11168
22503
9041
2097
1594
17694
8752
