1501
8706 174 873
6081 265 293
96296 1151 1155
19256 323 397
59152 1125 1239
82543 1183 1321
18240 324 525
88526 568 1326
44916 904 1178
8544 1392 1431
24658 1097 1363
90095 256 767
82468 895 1145
44550 1353 1427
7977 329 856
39533 181 887
28545 345 1393
15235 288 1006
3289 1087 1305
57038 1323 1364
42088 1160 1413
74165 748 1143
24582 759 918
15810 1258 1431
83307 436 1223
38522 1029 1272
16644 1178 1219
78542 383 733
73382 252 1119
68407 335 472
85640 667 771
80410 968 1024
3103 1002 1255
89798 1311 1327
70577 606 689
21044 1168 1176
99197 1311 1439
317 752 1366
28514 509 1076
23789 15 493
3926 675 1283
65509 209 877
58453 1322 1414
90742 637 1244
42618 1233 1434
41911 1314 1384
58358 900 1428
58956 618 958
8879 955 1305
62800 1015 1401
10445 1027 1173
22240 1111 1365
56497 661 825
413 28 480
7059 928 1142
81915 56 1407
63018 138 1038
71927 801 1271
92932 373 862
77429 314 640
6840 134 257
59543 34 799
48136 453 1023
24764 439 793
25327 997 1399
18342 380 606
44699 334 644
41651 1231 1332
89920 629 916
50923 909 1081
41724 1351 1403
74711 404 773
93265 197 856
86153 376 1188
17866 447 629
67983 785 1004
85170 157 412
57050 1048 1156
42604 507 1144
9445 1198 1357
43948 1163 1210
97864 163 903
29629 96 373
48624 1059 1218
92584 568 826
37540 625 906
71954 835 1177
58321 395 563
14344 318 472
78701 338 1035
87898 358 1213
59852 92 1363
41168 807 1233
31049 1195 1278
59901 974 1052
51877 1035 1263
91677 1432 1435
78468 160 1256
88002 1409 1414
49782 510 1386
421 627 757
51166 95 1092
21447 1226 1387
52095 1330 1384
68321 1278 1398
49620 397 471
69358 1173 1201
81802 1132 1367
8772 1206 1407
51546 915 1254
83494 575 1192
19439 802 1387
26967 1087 1222
90034 961 1146
686 595 675
21289 108 812
32362 991 1419
34922 940 1395
16526 665 846
14515 855 1389
89122 39 387
44383 1180 1359
98864 905 971
3429 1413 1421
88916 36 1305
41467 983 1044
48408 1420 1433
9007 505 900
84806 1238 1418
13566 1235 1328
76187 367 1312
7664 752 1068
35346 778 1088
45088 310 1363
37725 1001 1310
82100 345 839
37322 735 997
5039 604 1438
82478 1224 1351
73014 1313 1368
21551 235 707
24716 737 757
59072 469 701
91023 312 970
28054 92 548
71665 1258 1385
33469 522 671
76057 990 1367
24694 54 559
42364 1067 1124
63057 1427 1438
69887 263 1412
39326 947 1209
74849 1336 1437
71325 842 1240
23063 47 625
26991 1317 1389
82048 66 379
32132 391 624
13412 1109 1128
1 969 1000
49498 333 1189
67125 1142 1236
61088 1166 1369
32554 139 969
93211 301 1162
52055 1135 1284
34225 476 980
62584 1154 1388
2151 901 1397
78717 737 1367
23695 231 1021
58016 406 990
94057 328 556
17628 236 496
56133 778 1143
98931 731 1373
55697 283 494
61145 288 1117
58537 1119 1378
45301 660 1195
46297 301 1227
11029 960 1010
23266 1002 1358
41337 190 308
78257 302 1105
35422 240 1168
2749 410 1296
16821 960 1285
59822 613 1084
96454 741 1157
37728 1312 1391
93098 79 1132
31012 279 1302
14527 515 1056
57344 271 890
49276 126 129
13991 1296 1384
5743 649 1064
18313 656 1322
69295 1413 1415
85205 918 1326
56754 245 748
24229 414 1420
47831 527 1229
40812 668 1399
93410 495 951
60757 1051 1426
45612 1230 1297
48173 909 1120
29912 1222 1358
27735 266 573
86270 1361 1402
14396 609 1348
93440 536 573
13939 130 795
67510 94 474
40282 17 788
46471 487 1058
90867 235 1082
7542 1075 1318
59807 188 1307
7497 1344 1386
97536 749 896
85159 510 989
57631 1111 1278
60846 531 1198
11499 284 488
29108 1319 1391
18123 1341 1381
63351 406 1074
20469 79 1405
48540 959 1244
22854 63 956
84651 962 1240
71254 646 1202
85688 873 983
95349 928 1143
87709 199 527
88693 1142 1383
89923 1138 1413
88103 29 365
56562 1246 1357
1874 1282 1393
86966 467 782
68125 993 1264
68920 1365 1409
47006 628 981
59507 817 1223
39555 594 1166
72535 970 984
81473 136 900
1173 517 783
83637 280 1327
48857 362 1409
74300 809 981
17409 691 1105
86170 823 1261
89391 672 1266
40818 345 403
67903 531 1295
48218 515 807
86719 167 854
99694 1244 1260
55000 412 602
20273 312 533
28828 1324 1335
84737 488 1131
18269 294 1330
28286 754 971
77271 1142 1377
12962 1437 1440
76138 1037 1224
44653 1323 1339
92474 561 1283
1031 941 1403
55066 1026 1069
15871 1075 1421
50320 727 795
20072 452 531
76869 1171 1220
76944 808 1394
88128 692 925
46099 861 1018
13899 1142 1349
34785 257 1214
55418 1284 1334
90948 876 880
40150 262 1119
3662 66 914
85547 255 1263
22198 34 124
45838 126 1181
64777 1122 1266
72776 272 1192
74407 1122 1379
66634 532 949
4516 409 616
39619 545 577
52225 392 910
23785 218 1013
21367 1082 1296
37320 423 1144
52525 608 1201
66686 504 1326
26093 521 769
59958 1172 1232
83544 837 1398
18441 352 637
16625 1185 1389
96198 1077 1268
13782 1181 1407
14787 146 346
22594 922 1255
76528 1240 1387
20352 94 944
14726 668 1396
63980 5 112
16217 754 1346
21769 752 1346
23288 936 1421
92633 751 1164
60163 1109 1126
91390 257 468
80214 1303 1359
57488 142 1389
27128 600 719
65570 708 1268
85848 43 1030
88371 353 732
40535 341 1324
37145 1292 1399
94833 129 570
69212 1336 1339
96771 1184 1300
50989 1322 1411
894 289 1413
57088 830 967
11909 1010 1122
56310 1029 1290
38905 848 967
7529 403 903
64818 525 667
11580 405 924
90644 962 1034
42901 524 961
66967 1063 1358
46474 841 1034
99507 610 1439
31369 709 760
77898 1236 1294
22916 1298 1345
64303 532 604
84082 1350 1373
26358 924 929
25384 1379 1403
66976 1022 1251
98629 433 623
97590 1363 1420
67827 1421 1422
42329 370 1213
99368 1312 1322
44636 627 942
51750 687 796
29498 247 646
34642 957 1208
4095 334 984
944 1147 1259
73244 1335 1438
75544 137 539
52655 785 876
50557 680 780
48184 748 766
4387 171 1374
93912 173 206
97975 196 1054
80859 176 1397
14262 178 512
25635 1342 1350
33622 715 939
81449 510 1150
48470 231 998
13044 1318 1364
89657 185 581
5869 1435 1439
64571 45 229
20422 162 778
1761 958 1327
92828 662 1310
7295 284 804
66585 1056 1352
13178 1306 1375
34881 308 997
41006 63 282
29868 451 734
2475 588 1175
39448 601 1093
13315 373 1022
60811 2 654
60550 1283 1434
92686 4 281
50 1132 1206
88305 1055 1186
79394 514 1384
64701 952 958
28437 128 318
92542 1107 1283
34807 767 799
85173 709 1352
38121 257 976
82303 97 375
59010 3 696
6376 1079 1379
16338 1221 1425
65899 92 1048
62744 660 1352
92381 706 1258
55081 607 1221
10165 155 1254
1136 180 248
15590 860 1344
25543 1264 1434
30066 646 801
47387 884 1434
51246 273 1032
94580 84 446
1400 374 422
71428 457 1060
6544 540 960
7869 788 1157
38038 901 1298
79784 338 592
83065 1420 1431
56148 1195 1367
12938 1214 1238
26797 780 843
49035 1416 1435
3382 701 1145
72914 566 822
38280 948 1392
22802 189 285
47546 1037 1404
65748 592 726
8550 383 809
84612 1279 1345
96842 510 954
21310 711 771
72097 803 910
23685 1234 1254
41092 1132 1255
51160 316 1073
98110 1349 1417
53374 593 1259
17340 674 689
49042 64 810
37312 992 1392
64434 144 257
91022 1351 1396
84430 931 1293
35481 1248 1263
75071 1376 1430
43030 1376 1378
79687 182 1285
39435 14 42
2694 384 1168
97145 4 619
56009 904 1022
74670 970 1344
62965 1055 1377
75959 1136 1403
68559 1419 1430
58807 367 819
22284 273 1177
35902 754 1010
1103 59 1430
65390 745 1147
97589 1062 1070
12116 246 1174
75892 1035 1058
26383 1013 1147
99554 1351 1373
77662 1062 1388
70150 355 473
38666 401 1328
18704 462 1275
41851 1290 1359
79462 984 1094
3010 663 948
65457 1021 1312
2106 68 1242
69918 227 1193
30827 975 1316
59404 477 1037
77110 494 1357
43333 562 1152
89735 535 1071
13724 443 806
87568 301 973
5784 5 388
34356 816 1346
46851 78 1356
71987 370 407
26604 616 1101
93556 1083 1186
15068 319 1269
60398 1146 1263
48984 245 959
48277 90 1027
95200 540 774
25172 1206 1247
79134 1054 1081
64270 1014 1284
37976 252 919
24945 1332 1346
16621 575 1370
53279 1130 1388
77055 1319 1330
46849 453 644
28243 681 1169
20673 659 1091
26555 1023 1195
25681 718 1028
95925 1372 1398
29236 62 290
26494 923 1317
57355 132 342
16041 274 387
92458 936 1262
86646 1040 1406
95728 1126 1187
33527 654 1228
70301 724 964
71447 420 1170
68599 1407 1421
59386 717 1133
69170 1146 1225
52254 677 1252
94938 448 993
15485 1259 1296
13237 219 1092
96054 715 1122
84154 405 695
38909 1147 1309
97789 731 1113
10660 988 1374
44457 468 536
63694 139 482
7349 785 1118
50394 240 448
4500 695 1120
25439 679 1322
63128 50 778
4384 431 1148
31075 592 719
38892 1160 1290
42854 1231 1429
57023 82 672
80891 291 1363
17677 671 1352
17103 1077 1116
29153 346 481
45529 1173 1388
33410 158 232
1903 1243 1395
42819 1253 1289
96243 133 907
91047 1306 1366
84591 1229 1269
24772 578 990
19564 831 1052
80419 60 1120
33365 1105 1283
25443 1273 1365
13585 919 1394
61086 190 1313
54185 312 1383
96929 205 237
83456 588 1277
16305 648 858
53068 1069 1102
9309 1139 1153
29987 865 1362
31947 1222 1316
16867 599 628
39013 7 62
67576 42 1287
53652 293 709
65086 693 987
12723 1427 1431
55374 1111 1237
19122 941 1042
55585 1139 1186
33452 199 218
61529 5 344
48800 1386 1406
48840 827 1143
89301 552 1062
24781 251 261
70127 1035 1221
90750 7 120
63556 1072 1238
76716 111 839
96907 264 828
11003 1389 1418
76844 807 1404
61784 1053 1242
18152 484 961
83333 1124 1244
47030 247 525
93855 447 1275
66390 588 1024
62087 1145 1195
47369 1305 1346
73796 339 1147
14641 357 1299
56884 929 1194
46987 809 1004
32216 371 1166
29411 30 864
78605 1108 1133
15928 731 1276
10612 1212 1395
63681 92 253
75059 281 578
72215 904 1279
26253 1353 1407
90772 956 1120
15540 534 1375
88084 1386 1412
9562 366 643
88653 386 927
61066 1113 1170
78869 1024 1041
19824 557 1247
12178 1428 1436
69854 86 708
57127 806 1400
98561 60 664
53191 1230 1370
63535 821 1385
8220 879 1071
22625 1228 1399
58687 967 1247
30649 505 934
37324 1298 1369
63271 1096 1184
22641 334 816
70247 245 410
491 199 752
47987 780 1100
4756 458 475
56271 837 1294
44289 661 1391
85321 956 1200
57987 1386 1440
76153 33 44
598 876 1228
8878 598 1165
11209 582 726
45618 1139 1287
38475 685 1235
65827 1017 1377
6499 733 1336
4067 563 741
7322 1418 1439
49548 127 562
48719 934 1025
53526 1039 1191
25964 1045 1287
7653 1117 1221
66782 1121 1242
54794 1179 1402
12476 1283 1321
4880 774 831
83746 371 1329
46228 1150 1413
24884 1317 1349
64456 108 121
91454 284 754
62662 884 1003
3359 857 1077
87434 930 1217
35241 1070 1196
33402 151 435
40975 628 687
40619 772 1261
41614 132 175
70232 1075 1326
14757 959 1241
62653 938 1385
17150 35 1163
98230 1074 1264
45563 291 500
74890 75 345
17961 986 1221
83299 1185 1315
83565 1438 1440
76145 515 1015
1918 360 683
91218 46 1341
34918 963 1228
91029 1431 1439
83420 209 934
36987 563 874
42292 1111 1343
73053 1072 1226
39939 1363 1433
54279 1306 1428
3035 813 1283
48856 1348 1380
19254 281 446
41670 143 166
50419 662 1194
54821 470 851
67922 947 1079
73028 320 1164
70250 1188 1376
79238 2 1323
90765 184 312
62788 861 1077
65109 907 1201
57239 9 615
82297 580 1236
75395 61 859
65462 41 79
926 1194 1305
25730 1155 1215
6515 1126 1280
92195 566 1395
96835 1308 1435
34701 380 681
73456 1394 1435
54035 635 1350
42743 643 694
93139 1062 1089
77943 241 867
45443 993 1138
21031 202 691
32472 1235 1262
46248 1175 1204
94324 1343 1385
69953 1374 1408
76962 1311 1322
57644 776 1188
7389 1328 1395
67655 847 1328
53798 864 973
45700 1324 1382
15121 626 976
59378 898 1221
16058 1122 1398
38561 1036 1300
13275 178 804
5075 861 1365
62388 1156 1384
28682 1261 1343
80739 1180 1230
55278 117 926
33144 60 807
66217 712 970
51352 1027 1198
11157 864 1274
88841 1092 1094
33571 621 720
71779 252 769
11992 665 1174
42010 797 1214
43908 205 899
52433 832 1147
27445 940 1044
31599 1267 1363
78612 1194 1373
48940 892 1276
68081 875 1436
79086 774 1165
61016 87 1023
52586 1020 1207
73855 347 1232
32342 350 777
86763 1431 1440
35438 997 1171
35274 599 922
15669 1308 1367
1211 1400 1410
61553 341 1427
93364 374 622
89078 395 1289
37770 857 1307
18579 98 672
43955 1030 1152
50303 992 1061
3141 1073 1215
33106 766 926
49667 548 925
62986 938 1356
70971 1406 1408
34048 1036 1292
67956 74 1018
68291 933 1432
65474 650 1365
80558 1304 1352
81746 1040 1438
21378 1038 1392
45124 48 1030
54165 135 491
26480 834 1363
35096 1327 1426
88795 879 1321
72026 377 597
88423 254 592
3008 885 1014
57783 1335 1421
55792 142 1008
12330 1057 1319
70972 1134 1265
80628 1357 1395
72552 923 1020
83968 1222 1362
37124 1291 1403
62979 224 1169
89191 11 308
61075 578 1344
38667 1343 1378
40666 202 908
87678 606 1207
88268 441 470
7893 0 353
91946 1198 1308
14104 1334 1408
40521 492 1364
70344 749 1322
72214 43 911
84834 258 566
16599 1182 1409
28992 918 937
6829 909 1311
82666 328 995
76617 689 1365
99091 182 369
82007 1290 1410
36333 721 830
428 1167 1388
84062 381 787
75347 147 538
93477 1403 1427
27269 286 395
79276 1399 1435
79613 158 405
12829 1215 1388
50823 1160 1207
59524 56 1399
23139 490 1343
89668 1420 1437
49740 532 1005
86841 97 1214
87105 1433 1437
75871 614 1134
70329 1023 1199
35027 527 631
16313 1267 1329
61400 583 1358
86286 841 1131
29169 191 336
35582 565 1107
17096 501 1415
46154 63 605
29061 1380 1407
26202 852 1052
44468 402 616
74075 145 649
83205 1031 1282
74891 5 395
20618 902 1418
2744 253 743
88741 624 722
94359 395 1092
78 1119 1254
77200 141 594
85430 315 913
79796 907 1320
51903 1227 1412
86372 257 968
14404 345 1208
69006 857 1132
99108 922 1148
3881 1438 1439
23146 601 1028
49935 1040 1237
19415 750 1175
64772 1076 1354
87628 1194 1381
96708 1349 1360
168 1143 1168
46055 1348 1364
68127 342 1432
44362 1293 1396
21122 815 937
31021 1392 1437
34055 515 742
29962 1222 1346
66146 1045 1244
85323 1130 1406
69142 1434 1439
62810 960 1207
33827 668 1215
68526 214 1105
17915 191 749
68189 1060 1108
7148 697 901
3224 1400 1430
43904 994 1089
60875 914 1100
91978 783 841
72485 719 898
36191 8 957
80668 92 816
57349 1358 1378
1212 1277 1381
34230 109 1027
63733 1158 1228
28302 367 1180
38164 852 1081
72385 775 1143
86014 225 610
91839 562 1022
72270 22 675
87189 597 904
28956 625 738
21774 630 1091
7432 208 1004
21038 98 102
14762 591 1064
61681 948 1242
54287 603 1007
75521 197 200
1520 298 818
56987 824 1229
82071 983 1146
70269 1147 1315
48392 1125 1276
57154 472 661
25804 370 1308
87533 138 139
84160 1353 1397
33215 1293 1392
844 717 790
58132 1021 1222
2552 554 1069
59276 783 1385
71796 210 1172
14984 36 955
60013 88 1189
29685 132 1352
48142 299 1050
55925 476 1085
12229 122 474
19567 290 1142
53347 1118 1397
64550 440 1057
56637 462 877
37379 981 1035
69221 927 1171
79771 238 799
50003 313 944
10665 215 528
16951 1398 1422
83337 680 1164
79941 1297 1433
52282 1213 1274
80022 234 940
43016 1065 1211
29112 781 933
63012 658 1433
77393 1006 1052
73638 308 660
1088 1190 1400
28230 1074 1407
31934 404 1125
99077 195 720
72029 81 552
93637 1249 1292
32808 1051 1269
86729 41 229
36313 47 580
12098 1094 1318
87691 857 1320
36315 1075 1273
79507 152 304
67541 908 1170
10525 931 1229
68572 1007 1048
897 1212 1226
5099 1305 1314
20089 1373 1428
33120 1015 1200
1433 1086 1158
48063 1012 1428
74146 290 763
34689 1125 1184
59380 606 848
61461 1395 1425
74782 719 1246
24478 779 988
63470 1061 1175
11930 641 1380
35021 1418 1432
10580 862 1231
43544 1347 1372
77505 730 1414
4563 162 929
22516 656 773
83360 208 226
71030 65 631
96803 116 815
18040 918 1050
69714 531 1245
88092 920 1015
98078 742 1395
12012 174 583
54849 766 1184
67092 1319 1320
7172 777 1173
44044 1265 1395
2547 988 1269
77045 119 711
69939 1217 1330
32995 1090 1144
61833 222 395
13436 563 1052
27785 1198 1312
88479 1336 1410
8497 1254 1350
971 701 1351
60188 245 731
92709 46 1053
16790 260 1307
60268 335 859
26721 103 210
70127 629 1089
77207 618 910
59577 1427 1431
12715 1057 1199
16039 1310 1390
30752 1320 1360
61148 950 1159
28526 337 578
29125 1327 1438
42675 287 979
12901 272 944
10910 456 1350
36362 1016 1037
73862 74 195
94346 197 484
72041 575 790
18673 3 1199
40353 1431 1440
32830 1054 1283
68373 657 1011
13528 1245 1253
85853 568 1198
11037 1128 1361
23490 916 981
41152 968 1292
8757 621 978
74794 573 906
46606 321 1064
91912 71 696
68201 1073 1096
57164 482 851
52210 677 832
96974 514 688
4066 917 1218
73256 421 1018
47612 363 1296
12661 1253 1419
79406 615 1323
69121 1047 1112
54243 693 871
79842 808 1035
2662 441 908
43494 680 982
44989 790 1010
82289 126 1378
32265 536 1029
93737 429 1128
77040 95 253
13476 280 918
61429 237 1358
63601 800 1223
76228 517 750
25572 868 1127
2008 1414 1420
79024 696 712
8125 1010 1072
70116 385 1399
30190 1328 1345
9209 1214 1324
85384 888 1322
24145 1247 1357
24918 208 1347
51080 392 1285
41217 68 1403
35473 1015 1365
15362 111 595
17482 450 917
98911 1032 1164
25137 598 620
67807 522 907
77977 444 731
12327 1136 1178
49899 698 1250
10115 1114 1144
82464 1430 1435
80176 40 1338
23107 104 343
61620 1177 1248
73397 661 841
81368 410 476
64508 997 1415
59112 1201 1422
44218 580 689
42626 913 1063
38528 973 1219
8036 155 1314
5879 743 884
11001 1121 1211
51678 388 917
61575 1200 1251
55817 41 626
62668 443 1118
50759 832 887
42590 446 669
20870 485 1233
80796 1242 1436
69538 923 1153
95042 490 948
28006 773 1334
41267 246 1041
51176 1410 1413
90719 685 931
488 708 929
42798 840 958
93111 890 1034
86145 1322 1431
95648 585 957
44383 275 1193
67510 634 680
81268 149 1302
87859 261 1202
77914 870 1348
19466 785 1281
1688 208 467
83236 1374 1400
87047 222 1055
54951 999 1041
95243 479 1247
33349 515 1397
52907 1338 1386
30729 1174 1363
97038 1408 1439
68255 521 1192
93093 946 1326
54664 622 1208
81627 1252 1262
5191 865 1060
18889 1003 1150
20049 834 1157
2982 223 503
2318 1104 1380
39796 583 793
60915 986 1383
64259 1211 1431
8998 188 994
87867 492 1374
36195 461 830
97415 1186 1398
4581 679 1023
89699 1392 1406
73285 31 1434
88042 1136 1390
88908 1073 1369
43387 157 535
26230 732 1112
97579 1252 1436
11528 937 1029
36863 1202 1239
96162 274 653
67550 504 1160
59776 745 875
85437 695 1168
48247 847 1305
43963 1416 1423
84074 312 1120
72768 879 930
98176 873 1092
81759 1050 1261
91817 327 603
73547 1257 1382
35118 662 1155
18470 162 706
36678 1274 1308
39989 148 486
81729 1061 1250
7274 1027 1276
81127 962 1162
69617 1270 1437
60802 560 1421
97865 201 1211
91413 913 1042
48846 878 1023
65091 104 1420
19936 154 658
93986 943 1035
99792 1077 1179
97396 368 929
34652 543 1303
56951 1182 1384
70438 1187 1353
64513 940 1378
50524 240 1241
32478 1141 1435
99557 360 1290
57935 397 738
5006 1364 1366
35274 942 1008
11662 43 384
41782 222 302
52546 259 464
61420 1046 1353
11398 778 978
37253 1228 1379
70230 343 437
33194 308 953
32071 833 908
2886 896 1069
42573 1348 1385
86969 1183 1212
39957 1107 1426
12191 192 1186
75753 276 533
55690 263 708
91816 88 241
95391 869 1079
11578 1032 1385
77135 1183 1392
4973 444 765
5670 795 1000
19873 121 1300
46888 40 701
10840 44 1002
22247 55 498
25787 812 920
18879 694 1205
42651 1410 1428
42421 1419 1431
26811 1273 1376
37782 839 973
17961 715 1031
52388 219 936
35022 1330 1371
38752 634 896
68710 455 707
25833 847 894
1414 1346 1356
84372 725 996
79439 155 1337
67840 247 275
5338 1404 1425
90934 1038 1142
68863 911 1176
58988 674 888
63912 90 356
98142 1384 1411
8424 473 612
31705 329 332
85956 609 778
86890 232 320
50279 656 955
83901 122 433
17194 511 832
39590 583 995
30435 984 1294
85421 445 1180
62118 1381 1414
7526 733 1388
18542 556 962
52151 684 718
65301 411 974
58176 726 1269
1060 1064 1089
99041 407 935
17210 636 1010
19256 841 1124
51789 772 1143
77144 1252 1318
67071 699 1347
59645 336 1333
75675 803 1124
76185 1187 1383
72436 765 1153
67904 369 481
38376 471 1031
2457 1245 1345
59129 958 1021
83651 1295 1327
19687 892 1202
98979 389 549
99732 43 427
31451 674 833
66470 734 1404
67963 60 1235
74422 682 787
47003 702 1215
10656 1374 1429
74069 1213 1436
83300 1059 1188
57997 96 525
11738 150 1137
99477 1107 1250
55543 1255 1310
69872 279 473
31703 1122 1124
4963 369 1218
27189 319 788
21884 368 615
47562 89 319
11027 627 1126
94227 1035 1041
53373 860 914
68194 623 1249
11838 1168 1274
28367 739 1400
76072 1220 1366
23891 1359 1420
3008 1279 1348
81785 422 739
79019 878 1291
39711 930 1377
842 1100 1363
81577 891 1006
14344 751 1084
69961 701 702
5761 770 784
2451 482 603
30237 85 1349
73874 566 1023
77069 489 1353
36561 681 1011
81805 1053 1184
84867 595 1109
33206 570 1040
55439 856 1349
64186 523 739
72188 247 958
11610 1140 1339
54161 676 1430
89121 672 915
32314 94 613
34569 1306 1389
72603 773 1411
59736 841 913
98623 1309 1345
18742 767 901
97140 1066 1175
29050 336 1241
41485 1045 1330
68987 421 1377
21511 528 787
2426 1406 1425
92079 232 1408
61314 286 1045
54900 1387 1421
4085 1028 1137
37508 55 1329
4339 1056 1099
73453 1271 1350
88821 700 1286
65752 1295 1376
41748 79 89
13472 772 1285
54085 305 984
28975 690 1164
59736 516 556
10745 423 1332
60731 736 968
96277 803 1129
11968 650 959
77431 1331 1360
49505 749 1400
14904 1393 1397
1403 1275 1431
64261 978 1414
47187 323 814
69419 1255 1270
41872 333 1026
98761 1225 1250
81126 755 1102
30268 1021 1356
55458 1234 1420
83664 205 274
71152 1225 1321
25971 903 1050
54739 451 1057
48724 678 885
95113 831 1330
56006 595 1319
37949 663 1384
58603 1233 1440
22808 76 1193
51842 497 972
97028 706 1223
67194 316 626
15379 50 983
45540 576 684
55338 958 1258
10301 766 1120
62693 1237 1398
67068 1284 1374
23996 1052 1289
41298 1420 1421
22924 390 744
9259 645 1399
33099 1013 1212
60254 967 1068
34985 641 866
41596 1226 1248
56732 921 1098
54176 307 572
98602 1409 1440
55621 1285 1347
27177 1089 1234
12222 705 1105
63204 528 1370
10722 817 1294
3551 1358 1425
29104 965 1377
95956 671 1358
40751 292 1048
91286 111 284
50656 1239 1245
23601 116 147
24362 105 1176
30759 926 1143
30369 483 1095
19878 19 1013
6271 1113 1137
67617 942 1365
85519 658 905
38579 295 1312
7267 381 402
95463 78 214
23633 682 1221
71881 1193 1423
6678 1315 1362
71931 1339 1408
69261 173 1222
11037 1436 1438
90744 624 773
7682 1199 1211
79909 1226 1313
57962 250 1208
13349 936 1339
14005 826 1066
48736 998 1271
9938 227 703
66203 1025 1295
441 176 519
29935 1101 1204
44586 1108 1230
48347 340 761
87825 1238 1294
31388 534 583
37314 1125 1204
42636 427 793
32939 1251 1439
42613 1270 1369
26224 747 1027
62535 223 549
15380 59 828
9008 790 1114
86902 156 716
19453 342 788
9956 1349 1352
89695 896 909
15707 136 1410
12408 1233 1301
45186 1098 1192
904 844 890
4994 769 1289
32931 1423 1437
86722 53 327
38975 700 993
14995 1397 1420
63897 1016 1193
75016 404 498
59763 556 924
34753 444 925
59571 118 279
23809 1127 1391
25950 182 866
66467 391 924