100
1000
3857 5406
4255 6958
2220 3363
4907 9847
1655 2682
1443 3486
4232 6464
4005 8463
4135 7780
2497 5446
2127 3241
1288 5193
1493 4542
3337 5949
3192 7253
3414 7701
3786 6322
4294 5444
2977 4678
1023 5800
2407 6792
4352 7722
4489 5684
4129 5502
4560 7270
4578 8629
3726 4907
4248 8522
2974 5928
2051 5331
1200 5468
2499 3590
4319 6407
3798 7414
1059 5964
3775 6724
2280 4861
2771 7191
1370 5323
1019 5763
4114 7071
2601 6016
1161 3893
2102 4841
3287 4860
4118 7781
3216 4588
1515 4409
4755 9336
4422 7938
3637 7377
2293 6286
3267 6850
3661 4930
2358 6351
3855 5112
3118 7437
1641 3474
3206 6587
3615 6514
4324 5385
1924 3193
4188 6218
3397 7353
2027 3983
1924 3384
1857 5894
3523 5273
4709 8645
1250 4179
3729 4912
4767 7360
2761 4550
1850 6027
3016 7326
4730 9049
3105 4783
3166 4791
3203 6850
3771 7934
1362 4385
3719 8477
1454 5393
2095 4354
4826 9129
3273 5865
3341 6806
1724 3795
2524 4774
2386 4778
1444 5189
3763 5817
1716 6190
1594 4826
4001 6047
2238 3575
1032 2849
4980 6151
1961 5251
2412 4139
1598 4740
3897 8297
1668 3214
4594 7090
1266 6201
1677 5290
3740 8291
4292 6619
3152 6034
2065 5283
4283 5927
2348 7011
4388 5744
1220 3159
3728 7409
3672 7302
4417 8412
1305 3706
4019 8304
3067 6325
1441 3855
1415 3345
2482 5598
3941 6333
3200 5840
1150 4417
1772 6685
1314 4408
2272 7266
1433 3824
2882 6479
3773 8717
4056 5530
3690 5059
4400 6797
2676 7372
1107 5357
3244 6570
2801 7520
4309 7415
3894 7492
4717 7874
1468 3320
3197 4216
1754 5179
1424 5591
2610 4491
4587 5936
1383 3246
2695 4192
1935 3927
2662 7574
3533 7618
4677 6533
1619 2879
3945 7674
1876 3496
3039 7004
1134 3845
1406 5763
4601 9176
1445 5660
3372 5756
1174 2921
3182 6896
4296 6868
2961 5341
2359 6957
1530 6292
4112 5840
1401 5871
1756 3406
1082 5389
2325 6912
2908 4166
1745 5247
4102 6738
2385 6447
3030 7965
3494 6832
4150 7974
2448 5510
3161 7279
2699 6560
2304 4215
2513 6048
4693 6408
2549 4339
3157 6391
1430 5833
4928 8664
1936 6727
2923 6831
2358 4890
2689 4999
3173 5734
1035 2232
2239 3776
4532 8437
4416 8657
2044 5841
2666 6480
1486 3534
2818 6854
1384 4413
2776 3793
2076 4353
3743 7040
2738 5622
1071 2072
4804 7604
2706 4899
2292 6222
1925 3311
2005 3028
2191 5605
1278 5240
3376 4929
1718 5576
4505 5661
3278 8125
3562 8060
3555 7893
1612 4991
4076 6362
1219 5918
2576 6016
1905 5096
3032 7951
2819 7167
1617 4106
4302 8245
2468 7160
1206 2896
4811 7619
1222 3988
4071 7633
4815 8732
4849 6613
3517 7219
1515 4747
2388 6511
3685 8257
1274 5247
3838 5491
3778 5709
2486 4601
4521 6950
3094 5943
2641 5596
4223 6483
4347 5359
4504 6245
3486 5670
2665 5298
3653 5329
3769 6665
4490 8406
3101 7731
3261 6510
3496 6326
2691 7615
1188 5604
4827 6243
3541 5827
1419 4292
3900 5720
3533 6018
3885 6447
1802 4628
2564 5302
1581 3502
4808 7896
1645 6461
1266 4418
2326 3485
3660 7091
1729 3446
2484 4044
2507 5335
1576 3572
4937 7300
4150 6669
2368 3982
2368 5451
1188 3700
2358 6717
1045 4137
4591 6266
4557 9302
4502 9216
4467 9143
3091 7013
1535 4534
1770 6748
3539 5081
2967 6721
2983 5385
1166 4319
2935 7216
3978 6158
1344 3950
3557 6916
3367 8323
2004 5269
1857 4208
3508 7615
1580 3862
3558 8181
4853 7836
4068 5759
1017 2432
2667 5383
2888 6296
4715 5893
3126 6492
1230 2929
3533 6385
1627 5292
2327 4757
1664 6460
1752 5791
1375 4662
2204 4087
3067 7451
4836 6886
3249 6748
1533 5375
2775 4713
4504 9073
3163 7533
4582 7718
1762 2826
2407 5446
1921 4840
1517 6040
4331 8908
4578 5961
1199 5332
2693 5096
2069 5284
1119 2660
3660 5492
3788 8609
2200 4035
4393 8974
4594 8280
4517 7371
4367 6641
3996 5057
4115 8992
1195 3659
3711 6128
4524 8425
3640 7923
4075 6309
3772 7557
4136 6625
1453 2530
1641 5345
2027 4745
4398 7365
4548 6037
4207 5411
4264 8199
2753 6771
3164 6792
1145 3569
4655 6812
3748 5745
2346 5700
4716 8405
1818 5625
4310 8507
3801 6301
3830 8028
3400 5275
4946 6645
1269 4495
4050 6657
1264 2739
4440 7035
2072 5442
4307 7637
1759 2969
4751 8052
3194 8038
2269 5595
4193 6488
4341 7590
2869 4575
3716 8573
2833 5893
4082 8783
2909 7072
1049 2669
2202 6923
3458 8176
2795 6245
1459 4158
4449 6650
4440 7772
2975 4913
2221 4731
4300 5318
1089 4111
4582 7188
1556 5472
1636 4306
2594 6330
2884 3908
1613 4140
3981 7029
1857 5073
2140 4764
3062 5457
2981 5777
1394 2576
4355 7383
1872 6239
4327 6726
1301 3403
4257 6348
3439 6292
4129 7411
1414 2986
4350 6611
1291 3436
1965 5546
1556 3996
2311 4872
3488 6168
2937 6983
2565 3729
1848 6730
1523 2917
4955 9309
2245 5337
2552 7047
4037 7808
3668 5876
2674 5355
1894 4038
2564 5383
1792 5818
4336 5690
3323 6638
3311 5976
2814 6734
2062 7047
3808 5856
3854 6477
3750 7404
3397 4908
3563 7362
4384 5862
1933 5582
4906 6648
1967 4543
2456 6792
3096 4661
2882 5138
4895 7167
4038 6191
2184 3625
1774 4276
3683 5970
1893 2939
2791 4740
4705 6291
3010 5968
2919 4026
3582 4890
3972 8783
4325 7990
4264 6679
3308 4974
1425 5159
1045 2717
2927 4148
2543 7279
4541 8594
1570 3417
3445 7709
1267 3617
1980 3443
1018 3204
3428 5853
1938 4752
1348 5129
4321 7062
3139 4830
1614 6029
2790 5538
2202 5904
2723 5352
3643 4950
1148 5234
1146 5698
1152 3380
4737 8350
1516 3513
2405 4652
3101 4143
1480 5803
2444 5605
1621 2904
3143 7258
4769 9133
2718 3849
1041 5087
4369 6298
1818 4805
3966 5093
2829 7647
3661 7128
4091 6200
2551 3752
1370 3585
1810 6398
2137 6668
3820 6465
2055 5202
1495 6216
3522 4880
4840 8895
4233 6348
3005 5984
2331 4807
4434 7176
4829 9663
2550 6248
4136 6417
4511 8962
4847 6572
3053 7062
4803 9236
1233 5514
3637 7981
1785 5934
4264 6758
1706 5116
3904 8865
1831 3116
4943 6688
3357 7979
1889 5339
4788 7967
2259 6507
4001 5625
3870 6839
3980 7321
1444 4495
4012 6182
2453 5852
1925 5590
2058 3583
4313 8340
3051 6138
4983 9488
4571 7149
1603 6200
4435 5624
3939 5838
1552 3984
1245 5503
1332 4499
2763 5380
3780 5272
3241 7291
4824 8273
1799 6644
3361 5814
4237 5501
2918 4113
2508 6995
2704 7313
1741 5821
4873 8483
3978 5210
3317 4886
4445 7107
1925 6198
2214 6354
1435 2790
4982 6301
2268 6804
2642 4445
2127 6840
3750 4847
2189 5644
2023 5635
3526 6832
2605 6614
2453 6509
3765 6518
3241 4330
1234 3581
4971 8493
4178 8949
4542 7517
3759 5382
3613 7821
1993 4125
4567 9134
4361 8765
3033 6508
2897 5021
4049 8612
4091 6309
4894 6304
4263 6081
2021 4035
4930 9763
2323 6063
4910 7392
4104 6799
4559 7756
2786 4032
2023 4252
4573 7959
2561 3864
1528 4712
1953 3905
4448 7964
2489 7195
2024 6588
1577 4622
4084 5297
1986 5350
2962 5570
2769 7295
1408 4335
3203 5242
1999 6570
1188 4993
2386 5883
4905 6109
2629 5447
3673 6820
1808 4407
2797 7789
3304 8248
1008 3850
1762 4857
4671 8872
1279 4489
1062 2617
2716 6783
4273 5318
1006 3176
3368 5456
2850 4679
4320 7429
3865 6144
4550 5599
4698 8519
3988 7541
4341 7455
4498 7377
1138 3801
2087 6446
3155 4374
2502 5267
4773 6546
3959 8149
2756 6124
3522 8436
3830 8100
2110 6495
4174 8975
1570 5447
2190 3736
3610 4610
2758 6072
4882 6586
2304 4102
3914 6442
4648 8320
4988 9597
1211 5985
3976 8699
3759 7614
2254 6298
1890 5108
3671 6779
4369 7758
1471 4158
3332 6026
3904 8597
2584 6626
2195 5945
1432 3764
1571 6107
4165 9122
2531 6513
3441 6899
4673 6631
2197 4307
2606 6329
1817 6453
4654 9489
4248 5485
2776 6596
2603 5684
2418 6726
2330 4469
2234 7153
3517 6616
3555 7397
2162 3221
1363 2470
3803 8582
4374 6898
1831 5460
4810 6002
1248 2958
1783 6311
3991 5998
1163 5669
1949 4684
3937 7813
1234 3328
4037 6101
3486 4769
3985 6201
3405 7640
1181 3290
1461 5339
3129 4158
3480 6461
2872 7337
4982 6916
2578 5752
3015 7521
2500 4739
2463 3598
4331 8728
1621 6616
3257 7470
1561 4804
4042 6145
1116 5731
2042 5409
3459 8442
4556 6744
4304 8718
1662 6391
3975 5210
3774 6345
2974 6366
4999 6413
4590 5662
3816 5040
2115 3387
2907 5239
2755 7118
3771 5771
4632 5770
2389 6569
3771 8317
1397 3842
1074 4754
2282 3798
1436 4068
4829 6465
1279 5061
1305 3349
1625 3032
4680 8558
3600 6392
2000 6126
1029 5094
2348 3505
1128 2542
3993 5971
2512 5883
4892 8215
4432 6021
3721 5831
1082 4736
4196 7863
4300 6861
2314 5750
3863 7980
3888 8612
4550 8085
1908 4385
4196 8130
4353 7111
4758 8397
2914 4220
2382 4346
3219 4755
1369 2687
1061 5745
3199 4342
3875 7318
4487 6769
2398 6298
2719 6039
2383 6645
4632 7818
3306 5294
1121 2724
3244 5826
2786 7267
3113 5552
2520 6731
1311 5614
4212 6295
3422 6965
4464 8492
4793 8889
2509 4027
4252 5478
1978 4481
3769 8693
1366 3067
1386 2657
4722 5936
2235 4020
1960 6301
4264 7447
2911 6925
1336 3833
2640 7565
1458 3985
1415 2931
4003 8539
4355 6124
2808 6258
3323 4483
4687 6200
1736 4975
3346 4487
2545 6912
3939 6410
4908 7999
3359 7894
4043 6700
2595 3922
2333 7189
3434 5141
1521 4103
4842 9797
3470 5888
3742 6465
4675 7526
4831 8106
2047 6788
1474 4744
1291 3455
3301 6902
1403 5188
4536 6389
4762 7308
3199 5295
3998 5334
2702 6775
3030 7452
1520 6473
3789 6931
4195 7153
3485 6201
1052 6036
2430 4871
3556 7402
2568 5341
4222 8237
2441 3876
3774 8753
1004 4431
4647 8781
2115 4904
3110 7564
1313 3312
3483 6731
2806 5063
3780 8502
4056 7706
3099 6510
3569 5462
4257 7299
1851 6211
2005 4834
2645 5300
1922 6670
3532 5836
3749 8448
3726 6772
2882 7268
1610 6301
4351 6985
1874 6196
4773 6073
3329 5414
1750 5318
2978 4785
1325 3910
1939 5499
1789 5555
1383 2815
1108 2460
2539 6907
3022 7545
2233 4390
2586 7515
3869 7745
3656 6386
3579 5677
3553 5901
4897 7629
4552 7214
1909 5538
1301 2482
1769 3014
3129 6989
4194 6716
4983 7562
4244 5405
4200 6338
3160 7252
4238 5470
3742 6324
1291 4797
1145 5934
4968 6488
1156 2922
3005 4734
3231 4366
2677 6576
2311 3971
2218 6843
3998 8737
4056 6855
4847 6231
4200 5783
2908 4501
3181 5516
2508 3626
1744 4527
1592 4772
2499 5735
4936 6433
2962 5994
4349 6864
1178 5183
1904 4406
3033 5793
3297 7379
1281 4684
4851 6190
2823 6722
4932 8235
3497 7703
2422 4253
4669 8011
1894 3103
4329 6958
1730 4508
4704 7882
1614 5415
3908 6238
3033 4583
1758 6096
2484 4014
4171 8886
3209 7518
4049 5230
4769 8650
1393 5810
1841 4268
3505 4680
1370 5989
3611 5643
1724 3888
1437 2516
2729 6374
3773 5393
3307 5941
1598 5664
1194 5860
4585 9423
1952 4639
1562 3209
3748 6872
3773 4830
3517 7209
4291 5316
1310 5312
4340 7203
4009 6884
3006 4924
4906 8254
4991 6092
2443 7037
3235 7651
1598 5283
1683 5269